# L= 80  beta= [0.5]  t_max= 8.0  steps= 1000
t 	  D= [200]
0.008	-0.40583793476370145
0.016	-0.4058381977830432
0.032	-0.4058393822591294
0.048	-0.40584170539882836
0.064	-0.40584555562471697
0.08	-0.405851424922215
0.096	-0.4058599301740184
0.112	-0.4058718365533362
0.128	-0.40588808241199503
0.144	-0.4059098048154209
0.16	-0.4059383645626571
0.176	-0.405975369202706
0.192	-0.40602269224149456
0.208	-0.40608248645575873
0.224	-0.40615718902465114
0.24	-0.40624951609305493
0.256	-0.4063624444281896
0.272	-0.40649917805487734
0.288	-0.4066630981777636
0.304	-0.4068576953319296
0.32	-0.4070864835399043
0.336	-0.40735289726743135
0.352	-0.4076601731145724
0.368	-0.4080112193839539
0.384	-0.40840847784767875
0.4	-0.4088537830894012
0.416	-0.4093482256254084
0.432	-0.40989202551260345
0.448	-0.410484423254009
0.464	-0.4111235944657297
0.48	-0.4118065939632573
0.496	-0.41252933369226646
0.512	-0.4132865973463009
0.528	-0.4140720926930682
0.544	-0.41487854071161995
0.56	-0.4156977987729073
0.576	-0.4165210134192318
0.592	-0.41733879693491593
0.608	-0.41814142093767254
0.624	-0.41891901970361545
0.64	-0.4196617958710924
0.656	-0.42036022151397334
0.672	-0.42100522826698167
0.688	-0.4215883811385352
0.704	-0.42210203176491284
0.72	-0.42253944805089066
0.736	-0.4228949183222628
0.752	-0.423163829217
0.768	-0.4233427175135707
0.784	-0.4234292969055152
0.8	-0.4234224613655639
0.816	-0.42332226720102417
0.832	-0.4231298961950679
0.848	-0.42284760237650376
0.864	-0.4224786449868685
0.88	-0.4220272101452127
0.896	-0.42149832357343786
0.912	-0.42089775656284995
0.928	-0.42023192715608687
0.944	-0.41950779830550705
0.96	-0.4187327745616479
0.976	-0.41791459865313424
0.992	-0.4170612491473183
1.008	-0.4161808402317275
1.024	-0.41528152452943
1.04	-0.41437139975519116
1.056	-0.4134584199302908
1.072	-0.41255031179830104
1.088	-0.4116544970181537
1.104	-0.41077802065031693
1.12	-0.40992748639377974
1.136	-0.40910899897283365
1.152	-0.4083281140116088
1.168	-0.4075897956693921
1.184	-0.4068983822406747
1.2	-0.4062575598504027
1.216	-0.40567034429771165
1.232	-0.4051390710214515
1.248	-0.40466539307906074
1.264	-0.40425028694832144
1.28	-0.4038940658805782
1.296	-0.40359640045546297
1.312	-0.40335634591258573
1.328	-0.40317237576592846
1.344	-0.4030424211434051
1.36	-0.4029639152377033
1.376	-0.40293384220642753
1.392	-0.4029487898198933
1.408	-0.40300500512455595
1.424	-0.4030984523692207
1.44	-0.4032248724298887
1.456	-0.40337984296775564
1.472	-0.40355883856298314
1.488	-0.4037572900844574
1.504	-0.403970642582416
1.52	-0.40419441102595177
1.536	-0.40442423325049337
1.552	-0.40465591953080265
1.568	-0.4048854982518732
1.584	-0.40510925721261776
1.6	-0.40532378016438775
1.616	-0.4055259782575128
1.632	-0.40571311614249
1.648	-0.40588283254823243
1.664	-0.40603315523566635
1.68	-0.4061625103010165
1.696	-0.4062697258775827
1.712	-0.4063540303570746
1.728	-0.40641504532067896
1.744	-0.40645277343508146
1.76	-0.4064675816287988
1.776	-0.40646017991881456
1.792	-0.40643159630603387
1.808	-0.40638314819973637
1.824	-0.40631641086582815
1.84	-0.40623318342086057
1.856	-0.40613545291320724
1.872	-0.40602535704446246
1.888	-0.4059051460879553
1.904	-0.40577714455752395
1.92	-0.40564371316827397
1.936	-0.40550721161269765
1.952	-0.4053699626501369
1.968	-0.40523421797614745
1.984	-0.4051021263010104
2	-0.4049757040243152
2.016	-0.4048568088457824
2.032	-0.40474711660216056
2.048	-0.404648101566706
2.064	-0.40456102039249536
2.08	-0.40448689982421565
2.096	-0.4044265282460855
2.112	-0.40438045107691967
2.128	-0.40434896996794195
2.144	-0.4043321457053758
2.16	-0.4043298046690367
2.176	-0.4043415486505375
2.192	-0.4043667677911144
2.208	-0.4044046563598978
2.224	-0.40445423105920975
2.24	-0.40451435151453285
2.256	-0.40458374258346247
2.272	-0.40466101810053967
2.288	-0.404744705663221
2.304	-0.40483327205889
2.32	-0.40492514893310383
2.336	-0.4050187583057011
2.352	-0.4051125375531559
2.368	-0.4052049634929229
2.384	-0.405294575227609
2.4	-0.4053799954336078
2.416	-0.40545994980958794
2.432	-0.40553328443459735
2.448	-0.40559898082274587
2.464	-0.40565616850108344
2.48	-0.4057041349785965
2.496	-0.40574233301661355
2.512	-0.40577038515368047
2.528	-0.40578808548067313
2.544	-0.4057953987034456
2.56	-0.40579245657075735
2.576	-0.40577955178339586
2.592	-0.4057571295361284
2.608	-0.4057257768768333
2.624	-0.4056862100962919
2.64	-0.4056392603876243
2.656	-0.4055858580355115
2.672	-0.405527015412263
2.688	-0.40546380907020496
2.704	-0.40539736122741804
2.72	-0.40532882094707373
2.736	-0.40525934530890256
2.752	-0.4051900808653362
2.768	-0.4051221456643919
2.784	-0.4050566121068796
2.8	-0.40499449088719397
2.816	-0.40493671624523336
2.832	-0.40488413273212615
2.848	-0.40483748366503153
2.864	-0.4047974014167222
2.88	-0.40476439965437483
2.896	-0.4047388676095542
2.912	-0.4047210664283878
2.928	-0.404711127617631
2.944	-0.40470905356961917
2.96	-0.40471472011705867
2.976	-0.4047278810381021
2.992	-0.40474817440326794
3.008	-0.4047751306292336
3.024	-0.40480818208040575
3.04	-0.40484667403814684
3.056	-0.4048898768394178
3.072	-0.40493699897212354
3.088	-0.40498720090337265
3.104	-0.40503960940943856
3.12	-0.40509333217267923
3.136	-0.4051474724105675
3.152	-0.405201143305806
3.168	-0.4052534820136555
3.184	-0.4053036630331934
3.2	-0.40535091074293245
3.216	-0.40539451091781975
3.232	-0.4054338210637785
3.248	-0.40546827942733704
3.264	-0.4054974125611342
3.28	-0.4055208413507935
3.296	-0.4055382854344547
3.312	-0.4055495659726621
3.328	-0.4055546067529397
3.344	-0.4055534336398859
3.36	-0.40554617240742047
3.376	-0.4055330450147426
3.392	-0.4055143644109915
3.408	-0.4054905279754573
3.424	-0.40546200971989643
3.44	-0.40542935139703845
3.456	-0.40539315267424025
3.472	-0.40535406054351886
3.488	-0.405312758148439
3.504	-0.4052699532147712
3.52	-0.40522636627505376
3.536	-0.4051827188775436
3.552	-0.40513972196726866
3.568	-0.40509806462128106
3.584	-0.40505840331177967
3.6	-0.4050213518597526
3.616	-0.4049874722283687
3.632	-0.40495726628976386
3.648	-0.4049311686814647
3.664	-0.404909540849649
3.68	-0.40489266635622084
3.696	-0.40488074750544095
3.712	-0.40487390332414386
3.728	-0.40487216890758093
3.744	-0.4048754961210862
3.76	-0.4048837556264075
3.776	-0.4048967401809611
3.792	-0.4049141691388619
3.808	-0.40493569406447094
3.824	-0.4049609053528927
3.84	-0.40498933973735113
3.856	-0.4050204885509733
3.872	-0.40505380660043167
3.888	-0.4050887215011436
3.904	-0.4051246433184995
3.92	-0.40516097435685716
3.936	-0.405197118937916
3.952	-0.4052324930124461
3.968	-0.4052665334542734
3.984	-0.405298706892857
4	-0.40532851795041414
4.016	-0.40535551676081494
4.032	-0.40537930566024155
4.048	-0.4053995449539715
4.064	-0.405415957679853
4.08	-0.40542833330645645
4.096	-0.40543653032205
4.112	-0.405440477689023
4.128	-0.40544017515704517
4.144	-0.4054356924464326
4.16	-0.40542716733095774
4.176	-0.4054148026663427
4.192	-0.4053988624270392
4.208	-0.40537966682930043
4.224	-0.4053575866325916
4.24	-0.40533303672379206
4.256	-0.40530646909922585
4.272	-0.4052783653678639
4.288	-0.4052492289051668
4.304	-0.40521957679099335
4.32	-0.40518993166716316
4.336	-0.4051608136504503
4.352	-0.4051327324345546
4.368	-0.40510617970996954
4.384	-0.40508162202374204
4.4	-0.40505949419225334
4.416	-0.4050401933694414
4.432	-0.40502407386047967
4.448	-0.40501144275699086
4.464	-0.4050025564550586
4.48	-0.4049976181022777
4.496	-0.4049967760060906
4.512	-0.4050001230235314
4.528	-0.4050076969422361
4.544	-0.4050194818522784
4.56	-0.4050354104953391
4.576	-0.4050553675602126
4.592	-0.40507919387371116
4.608	-0.405106691417205
4.624	-0.40513762908398826
4.64	-0.4051717490814448
4.656	-0.4052087738741111
4.672	-0.4052484135581575
4.688	-0.4052903735538383
4.704	-0.40533436249962135
4.72	-0.4053801002309156
4.736	-0.4054273257281555
4.752	-0.4054758049224645
4.768	-0.40552533824977427
4.784	-0.4055757678449198
4.8	-0.40562698426714855
4.816	-0.4056789326511571
4.832	-0.4057316181862341
4.848	-0.4057851108416208
4.864	-0.4058395492772714
4.88	-0.40589514390273546
4.896	-0.40595217906857234
4.912	-0.40601101439104903
4.928	-0.4060720852199956
4.944	-0.40613590226351176
4.96	-0.406203050385821
4.976	-0.40627418660075637
4.992	-0.4063500372948419
5.008	-0.406431394728586
5.024	-0.4065191128783335
5.04	-0.40661410269036624
5.056	-0.40671732682345735
5.072	-0.40682979395775554
5.088	-0.4069525527497659
5.104	-0.40708668551716654
5.12	-0.40723330174352385
5.136	-0.40739353150048596
5.152	-0.4075685188919264
5.168	-0.4077594156292742
5.184	-0.40796737484854956
5.2	-0.40819354527679785
5.216	-0.4084390658484273
5.232	-0.4087050608606253
5.248	-0.4089926357425068
5.264	-0.4093028734958911
5.28	-0.4096368318479938
5.296	-0.4099955411388389
5.312	-0.41038000294961224
5.328	-0.41079118946309556
5.344	-0.4112300435338484
5.36	-0.4116974794343876
5.376	-0.4121943842339324
5.392	-0.4127216197584448
5.408	-0.4132800250742548
5.424	-0.41387041943220126
5.44	-0.41449360560466303
5.456	-0.4151503735437342
5.472	-0.41584150428522
5.488	-0.41656777401992107
5.504	-0.4173299582512076
5.52	-0.41812883595616024
5.536	-0.4189651936669141
5.552	-0.41983982938932535
5.568	-0.4207535562778403
5.584	-0.42170720598848505
5.6	-0.42270163163613766
5.616	-0.4237377102876983
5.632	-0.42481634492922044
5.648	-0.4259384658524508
5.664	-0.4271050314144004
5.68	-0.42831702813232003
5.696	-0.42957547008575253
5.712	-0.4308813976069033
5.728	-0.43223587525037394
5.744	-0.43363998904307705
5.76	-0.4350948430248233
5.776	-0.43660155509942095
5.792	-0.4381612522249902
5.808	-0.4397750649804241
5.824	-0.44144412155232676
5.84	-0.4431695411932111
5.856	-0.4449524272070668
5.872	-0.44679385952253914
5.888	-0.448694886916762
5.904	-0.4506565189543779
5.92	-0.45267971770634857
5.936	-0.45476538931194943
5.952	-0.4569143754447878
5.968	-0.45912744474001266
5.984	-0.4614052842351247
6	-0.4637484908711507
6.016	-0.46615756309461603
6.032	-0.4686328925937604
6.048	-0.47117475619517607
6.064	-0.4737833079393714
6.08	-0.47645857134592684
6.096	-0.47920043187084876
6.112	-0.4820086295503447
6.128	-0.4848827518164344
6.144	-0.48782222646034423
6.16	-0.4908263147091273
6.176	-0.4938941043692132
6.192	-0.4970245029771465
6.208	-0.5002162308824023
6.224	-0.503467814169655
6.24	-0.5067775773082464
6.256	-0.5101436353951643
6.272	-0.5135638858356321
6.288	-0.517035999284199
6.304	-0.520557409652645
6.32	-0.5241253029847578
6.336	-0.5277366050112932
6.352	-0.5313879672438094
6.368	-0.5350757515588217
6.384	-0.5387960133774524
6.4	-0.5425444837640292
6.416	-0.5463165510325049
6.432	-0.5501072427172907
6.448	-0.5539112089724216
6.464	-0.557722708560121
6.48	-0.5615355985790508
6.496	-0.5653433290303487
6.512	-0.5691389433182139
6.528	-0.5729150858683946
6.544	-0.5766640181269764
6.56	-0.5803776440287737
6.576	-0.584047545310822
6.592	-0.5876650256957485
6.608	-0.5912211613066103
6.624	-0.594706853413581
6.64	-0.5981128794642986
6.656	-0.6014299395187401
6.672	-0.6046486972190067
6.688	-0.6077598164229406
6.704	-0.6107539959010077
6.72	-0.6136220047700456
6.736	-0.6163547207792888
6.752	-0.6189431725623721
6.768	-0.6213785859247963
6.784	-0.6236524334321877
6.8	-0.6257564861177699
6.816	-0.627682866006655
6.832	-0.629424098241519
6.848	-0.6309731617598954
6.864	-0.6323235376349366
6.88	-0.6334692543285041
6.896	-0.6344049292353297
6.912	-0.6351258060403552
6.928	-0.6356277875687065
6.944	-0.6359074639603209
6.96	-0.6359621361257014
6.976	-0.6357898345209768
6.992	-0.6353893333182934
7.008	-0.6347601600496364
7.024	-0.6339026007799796
7.04	-0.6328177008304954
7.056	-0.6315072610350242
7.072	-0.629973829483729
7.088	-0.6282206886967946
7.104	-0.6262518381858486
7.12	-0.6240719724038442
7.136	-0.6216864541522537
7.152	-0.6191012835991478
7.168	-0.6163230631527113
7.184	-0.6133589585226444
7.2	-0.6102166563810234
7.216	-0.6069043191027585
7.232	-0.6034305371253074
7.248	-0.5998042795201313
7.264	-0.5960348434157723
7.28	-0.5921318029529407
7.296	-0.5881049584810716
7.312	-0.5839642867164948
7.328	-0.5797198925673217
7.344	-0.575381963283241
7.36	-0.5709607255075618
7.376	-0.5664664056964703
7.392	-0.5619091942342556
7.408	-0.5572992134246356
7.424	-0.5526464893901337
7.44	-0.547960927775667
7.456	-0.5432522930375384
7.472	-0.5385301910090452
7.488	-0.5338040543686751
7.504	-0.5290831305934063
7.52	-0.5243764719538381
7.536	-0.5196929270963927
7.552	-0.5150411337587868
7.568	-0.5104295121780293
7.584	-0.5058662587758651
7.6	-0.5013593397450101
7.616	-0.4969164842099928
7.632	-0.49254517669667586
7.648	-0.4882526487114349
7.664	-0.4840458693006864
7.68	-0.47993153453045484
7.696	-0.47591605589097297
7.712	-0.47200554769095726
7.728	-0.46820581355893875
7.744	-0.4645223322143897
7.76	-0.460960242709101
7.776	-0.45752432936936416
7.792	-0.45421900669196325
7.808	-0.4510483044617778
7.824	-0.4480158533660029
7.84	-0.44512487137974854
7.856	-0.4423781511904217
7.872	-0.43977804891431693
7.888	-0.4373264743390131
7.904	-0.4350248829002748
7.92	-0.43287426957317465
7.936	-0.43087516482505955
7.952	-0.4290276327435944
7.968	-0.4273312714174361
7.984	-0.4257852156107127
8	-0.4243881417362244
