L= 50  beta= 1.0  t_max= 5.0  steps= 1000  D= 200  prec= 1.0e-20  delta= 0.1  [J0,h0,g0]= [1.0, 1.0, 0.0]
# t 	 E 	 mag_x 	 mag_z 	 corr 	 err
0.05	-55.541073147740946	-0.5589774277357846	4323030852021979e-30	-25253731742084145e-21	6531869132659778e-35
0.1	-55.606758115819474	-0.5590082408003207	-10585404623154882e-31	-25244440019189594e-21	1363035607479528e-34
0.15	-55.734910242757756	-0.5590936347370428	-7571824027149954e-30	-25233185498796866e-21	33727009572617836e-35
0.2	-55.95733736594012	-0.559289650093915	-1075305954847082e-29	-25217778633028665e-21	24724203481363606e-35
0.25	-56.298751408123294	-0.5596881942817367	-13042088161394419e-30	-2519437403200472e-20	18125195727271524e-35
0.3	-56.757833948721455	-0.5604204130361436	-1459545849523229e-29	-2515707727120072e-20	33760484719505936e-35
0.35	-57.2896079638612	-0.5616444166858487	-16765074097317874e-30	-25098100211933413e-21	12923040709861441e-35
0.4	-57.8023623346177	-0.5635108777095912	-13492957022954305e-30	-25008946479610322e-21	32381381598619326e-35
0.45	-58.17885864364706	-0.5661093234802875	-15961155127078817e-30	-2488281356426415e-20	2945406959189939e-34
0.5	-58.31800761107499	-0.569411215604599	-14765500359393592e-30	-24717596607293144e-21	16446492213932927e-35
0.55	-58.17763175564834	-0.5732346929686192	-13657233980876593e-30	-2451801895917837e-20	35364525951124937e-35
0.6	-57.79407356493838	-0.5772516167453695	-8391811212398424e-30	-24295436181551466e-21	3445044164625671e-34
0.65	-57.266433341363665	-0.5810400966545812	-27161754697626814e-31	-24065171094516485e-21	284170878626224e-33
0.7	-56.71463063987999	-0.5841654630689848	5337036016036731e-30	-2384278980618979e-20	40506036252526204e-35
0.75	-56.23535063545921	-0.5862624144433386	12862280007351276e-30	-2364109846294863e-20	2236418154063108e-34
0.8	-55.87765250528801	-0.5870951273584903	2355958107097024e-29	-2346871469964765e-20	17910947622744805e-35
0.85	-55.64439725683467	-0.5865847165361447	2886473984907e-26	-23329971490200273e-21	3205527967677907e-34
0.9	-55.51021499608755	-0.5848057709271972	35443499060727225e-30	-2322550307945224e-20	3686436426620555e-34
0.95	-55.441705469890344	-0.5819606119880658	45079826983406186e-30	-23153037040033997e-21	29362342799112866e-35
1	-55.41053337113124	-0.5783412357006648	4627934760946268e-29	-23108203561731724e-21	20679708616949944e-35
1.05	-55.39786183799257	-0.5742870535504225	5838704662168657e-29	-23085308876633414e-21	3391153437123197e-34
1.1	-55.393257568260296	-0.5701440079582538	6596428827156716e-29	-23078053667067404e-21	3503502135842077e-34
1.15	-55.39176726834689	-0.5662286877133169	682330999021057e-28	-2308016990404281e-20	32190911395701354e-35
1.2	-55.391342556006435	-0.5627998753045726	7108489042892147e-29	-23085949275360636e-21	42307630777994143e-35
1.25	-55.39123786595097	-0.5600391640863362	7923244783251786e-29	-23090644331990585e-21	36914779427332987e-35
1.3	-55.39121267124487	-0.5580415253103534	8177757855110969e-29	-23090726834234988e-21	27686897699051365e-35
1.35	-55.391198106305566	-0.5568158323609188	8537321647154525e-29	-23083996629306174e-21	3874324502231239e-34
1.4	-55.39117720635269	-0.5562944076698935	9183921696319809e-29	-23069548212442e-18	41024806355006325e-35
1.45	-55.391147360328034	-0.5563497844328169	9576724755279518e-29	-23047613225276308e-21	38305322085429867e-35
1.5	-55.391109882269475	-0.5568162106113526	9011598433618373e-29	-2301931029715822e-20	4220108593977721e-34
1.55	-55.39106734204406	-0.557513064222485	8635524275366936e-29	-2298634082797625e-20	3521785071752248e-34
1.6	-55.3910228235411	-0.5582673383490906	806099233045289e-28	-22950671705344208e-21	3652245432772732e-34
1.65	-55.390979590457135	-0.5589326801498533	7544201435707044e-29	-2291424285006952e-20	3818289871242528e-34
1.7	-55.39094082336614	-0.5594030739918392	7411788163194568e-29	-2287873032705727e-20	3599488404657248e-34
1.75	-55.390909375342844	-0.5596200548683606	7763533502321788e-29	-2284538654972035e-20	40681608969064125e-35
1.8	-55.390887552731726	-0.5595732150942714	7585703678430252e-29	-22814962973223404e-21	41687076969743507e-35
1.85	-55.39087693710107	-0.5592946109725005	743629756974314e-28	-22787714752511247e-21	3716799519566356e-34
1.9	-55.390878263117	-0.5588483830809947	7078697877697677e-29	-2276347313264477e-20	336666259233377e-33
1.95	-55.39089136280356	-0.5583173935064625	6904345971087567e-29	-22741767037411537e-21	3961534786234458e-34
2	-55.39091518119989	-0.5577889075327114	6898624432935454e-29	-2272196758404342e-20	3594550665945119e-34
2.05	-55.39094786245192	-0.5573412946777532	6413840033354327e-29	-22703433128372004e-21	3965845506506052e-34
2.1	-55.390986899358815	-0.5570334197514668	5803875853223686e-29	-22685633761311507e-21	36176908765073615e-35
2.15	-55.391029334089	-0.5568978952541155	6242023296355349e-29	-22668236240507578e-21	4063638653847901e-34
2.2	-55.39107199338375	-0.5569387506322336	6463614908060189e-29	-2265114398474312e-20	40034967743680126e-35
2.25	-55.3911117387936	-0.5571334309581056	6507877800565089e-29	-22634485799907077e-21	4014757405051451e-34
2.3	-55.39114571128937	-0.5574384549834819	6497498767049203e-29	-22618564117775556e-21	37352024775246028e-35
2.35	-55.39117155027489	-0.5577976143266787	591714448706232e-28	-2260377159524622e-20	38608940033617435e-35
2.4	-55.39118756938082	-0.5581513332686484	5753723201823348e-29	-22590492775763634e-21	38227711845437717e-35
2.45	-55.39119287530784	-0.5584457554458628	6252402160464646e-29	-22579007188603704e-21	4099063240051109e-34
2.5	-55.39118742094854	-0.5586402729515805	5953361583007841e-29	-22569410324435257e-21	41459387706797772e-35
2.55	-55.39117198967648	-0.5587125310124903	55843823421291953e-30	-2256156329330477e-20	4084864679586899e-34
2.6	-55.39114811350865	-0.5586603723909459	5918432993581683e-29	-22555079260928604e-21	3940299754573639e-34
2.65	-55.39111793326687	-0.558500662506652	5737182003616188e-29	-22549347408285445e-21	40369061749492884e-35
2.7	-55.39108401349266	-0.558265389165002	6597659566029077e-29	-2254359066543414e-20	4066319854945426e-34
2.75	-55.391049128317654	-0.557995797397373	7009371280283522e-29	-22536947967809935e-21	9221540492516192e-34
2.8	-55.3910160363893	-0.5577355537123903	7230481777274322e-29	-22528569776801974e-21	25916902351542502e-34
2.85	-55.39098726343215	-0.5575240099242634	7276845650301591e-29	-22517712644444312e-21	7069300230890023e-33
2.9	-55.390964909721234	-0.5573905533736558	7239350720451843e-29	-22503820581021604e-21	18440418459006372e-33
2.95	-55.390950497293915	-0.557350809226848	7710473156220116e-29	-22486582688095346e-21	4675347084887813e-32
3	-55.390944867912275	-0.5574051415318654	7773082612955954e-29	-2246596048136896e-20	11595857770641702e-32
3.05	-55.3909481383718	-0.5575395345529405	798689185534801e-28	-2244218260695378e-20	2745743726498841e-31
3.1	-55.39095971484562	-0.5577285801275301	8167804370947784e-29	-22415710040854652e-21	643290595995948e-30
3.15	-55.3909783631894	-0.5579400015817348	8031804591530044e-29	-2238717686425708e-20	13944309889752778e-31
3.2	-55.3910023277309	-0.5581399497977098	8458210294540278e-29	-2235731799217914e-20	30765421387328516e-31
3.25	-55.39102948749675	-0.5582982354184054	8441842568680715e-29	-22326890488830937e-21	6707112708891189e-30
3.3	-55.39105753624946	-0.5583927168251519	832965102193781e-28	-22296604918353992e-21	14262232000166537e-30
3.35	-55.39108417133793	-0.5584122315917375	8224578617709987e-29	-22267071354724543e-21	2863645331305836e-29
3.4	-55.39110727623371	-0.5583577090679261	7069754734433976e-29	-22238761510788475e-21	54456911807489474e-30
3.45	-55.39112508265123	-0.5582413925505496	670272570221309e-28	-22211996057196055e-21	1080951912392547e-28
3.5	-55.39113630029379	-0.5580843861405929	6611197354811863e-29	-22186951893749185e-21	21410607712311506e-29
3.55	-55.39114020514948	-0.5579129816215742	6157434520484388e-29	-22163687389175654e-21	40701883255558343e-29
3.6	-55.39113668083306	-0.5577543811476586	6379765253139002e-29	-22142176307755958e-21	7697683322646733e-28
3.65	-55.3911262112201	-0.5576324921725164	5704861089821447e-29	-22122349283725914e-21	1448137356256635e-27
3.7	-55.391109826424696	-0.5575644275630323	5971495880782197e-29	-22104126422927632e-21	26744490150632893e-28
3.75	-55.39108900762204	-0.5575582075470322	4898719505128796e-29	-2208744287880357e-20	4835640321549924e-27
3.8	-55.39106555921003	-0.5576119556432122	46841740216989856e-30	-22072265129282435e-21	8455349319723273e-27
3.85	-55.3910414589548	-0.5577146416665868	43725892251065233e-30	-22058597032985704e-21	14273191374560564e-27
3.9	-55.39101869821674	-0.5578481886320639	4069390224098468e-29	-2204643701330567e-20	2412659284628911e-26
3.95	-55.39099912463324	-0.5579905621910525	3582141636267189e-29	-22035753208589447e-21	40667679265873353e-27
4	-55.39098429922281	-0.5581193292096244	34125327753485243e-30	-22026483957986386e-21	6767934435335734e-26
4.05	-55.39097537854722	-0.5582151232758312	2825937556606272e-29	-22018510184923386e-21	11093000321026529e-26
4.1	-55.390973030382895	-0.5582644931437648	16934243517543503e-30	-22011639238420067e-21	17892440389110139e-26
4.15	-55.390977388801446	-0.5582617260050533	-4119138163156608e-30	-22005595132482883e-21	28488358423831193e-26
4.2	-55.39098805155862	-0.5582094103813258	-3458847520464853e-29	-22000013062585233e-21	45031414537009806e-26
4.25	-55.3910041193057	-0.5581177049355812	-7301492276187618e-29	-21994463923145085e-21	7082322609992332e-25
4.3	-55.39102427302151	-0.5580024780112813	-12912917331004033e-29	-21988508234551802e-21	11066041137965317e-25
4.35	-55.391046883462124	-0.55788264835731	-20431162458482005e-29	-21981749684039638e-21	17134235303993403e-25
4.4	-55.39107014405994	-0.5577771664895468	-2867776901501829e-28	-21973877312452037e-21	2622698083505377e-24
4.45	-55.391092216865665	-0.5577021140823377	-353140991926279e-27	-2196467647145308e-20	3958071761988605e-24
4.5	-55.39111137994553	-0.5576683625104277	-2633992606275101e-28	-21953940862749592e-21	5863564630854224e-24
4.55	-55.39112616486463	-0.5576801293969391	4565883261753445e-28	-2194123294119756e-20	8492229638374592e-24
4.6	-55.391135475826125	-0.5577346221824935	31638476831897383e-28	-21925769929892026e-21	12034708099373145e-24
4.65	-55.391138683809174	-0.5578227854875375	10814592229819054e-27	-21906738140011587e-21	16799790662596176e-24
4.7	-55.39113568762799	-0.5579310009319443	28561510363346175e-27	-2188342011198963e-20	2330141964178193e-23
4.75	-55.391126935576594	-0.5580434485027412	6389242009710594e-26	-21855261383932375e-21	32250636069816094e-24
4.8	-55.39111340802788	-0.558144747117326	1259864371827541e-25	-21822617535696226e-21	44558361666186497e-24
4.85	-55.39109656747347	-0.5582224632557667	22416862388636885e-26	-2178692525018712e-20	6141067135455533e-23
4.9	-55.391078278133385	-0.5582691121330088	36610479619307503e-26	-2174980923330415e-20	842671655395574e-22
4.95	-55.3910606953352	-0.5582833656300332	5563184335569745e-25	-2171232345943143e-20	11476523030140299e-23
5	-55.39104613210536	-0.558270310991579	7950411121481859e-25	-2167481255926588e-20	15462987068436247e-23

L= 50  beta= 2.0  t_max= 5.0  steps= 1000  D= 200  prec= 1.0e-20  delta= 0.1  [J0,h0,g0]= [1.0, 1.0, 0.0]
# t 	 E 	 mag_x 	 mag_z 	 corr 	 err
0.05	-61.5799943967735	-0.619064151756637	5181619022742723e-29	-0.004914890325351964	18813693156996847e-35
0.1	-61.65320749357038	-0.6191014768694076	4564187569555678e-29	-0.004913711137078343	25659860440159573e-35
0.15	-61.79604156765786	-0.6192048233482041	45438479367998497e-30	-0.004912114912513447	3670417366620103e-34
0.2	-62.04395113057025	-0.6194422540954376	3626005745660521e-29	-0.004909663893749333	22733836965196827e-35
0.25	-62.424491932040226	-0.6199257190729606	31047213411294905e-30	-0.004905597922949705	3717249467682477e-34
0.3	-62.936226466116075	-0.6208156459432694	23859386688585005e-30	-0.0048987571144517225	38119981043284213e-35
0.35	-63.52907567577502	-0.6223068847396112	2760248626887396e-29	-0.004887611856445471	39976561848413147e-35
0.4	-64.10085736098475	-0.6245880813953764	19562910319459448e-30	-0.004870493772918738	33876665148927223e-35
0.45	-64.52084405135669	-0.6277775843871982	15671491881974475e-30	-0.004846064641274903	35192002427236686e-35
0.5	-64.67613495336624	-0.631854813188216	13546455623902887e-30	-0.00481390429558715	272466296861858e-33
0.55	-64.51933745028356	-0.636616636411516	1458208553906104e-29	-0.0047749282145179185	25573512179737905e-35
0.6	-64.09059936545138	-0.641683538496309	18385900441009184e-30	-0.004731350668029391	30693023066564345e-35
0.65	-63.50028584477633	-0.6465598236141299	2846421015556544e-29	-0.004686164834388428	1629065724750256e-34
0.7	-62.88235036907248	-0.6507280871935233	33591619069683887e-30	-0.004642415273841361	16072849115846526e-35
0.75	-62.345106624903075	-0.6537458150070576	346005776113989e-28	-0.004602610836765098	35282249724355457e-35
0.8	-61.94376876066101	-0.6553165666091194	34944703380945796e-30	-0.004568445485056883	32705077351892063e-35
0.85	-61.68182522717734	-0.6553231016599044	3726099290224383e-29	-0.004540779790075389	10912607876808045e-35
0.9	-61.531022172163546	-0.6538245207612795	35039028969952035e-30	-0.0045197556396511865	25679346761068645e-35
0.95	-61.45397693922979	-0.6510277287991837	4948537239701789e-29	-0.004504951174868157	3745825796975722e-34
1	-61.41890467848226	-0.6472449787711951	6567381187483345e-29	-0.004495538061606373	3815461689290941e-34
1.05	-61.404644543553744	-0.6428468750202807	6901705769390976e-29	-0.004490431566719047	3078619255696142e-34
1.1	-61.39946395201851	-0.638217051531496	800238781489826e-28	-0.004488429281604218	3873420397453613e-34
1.15	-61.39778878236596	-0.6337123833485852	8657007402601558e-29	-0.004488333785276932	3681486679206414e-34
1.2	-61.39731286819044	-0.6296312309772432	9996690975011546e-29	-0.004489054384754205	3958838420809058e-34
1.25	-61.39719660104302	-0.6261913975843751	10097955457921692e-29	-0.004489683999628347	3815838404606175e-34
1.3	-61.397169060751416	-0.6235187286197732	1160308828185297e-28	-0.004489548365690045	4366604850077756e-34
1.35	-61.3971526426829	-0.621646399287785	12015735628700952e-29	-0.004488226497722527	35315778532054777e-35
1.4	-61.3971282029531	-0.62052395435869	11976487510056977e-29	-0.004485543601628788	42411066443169887e-35
1.45	-61.397092791117714	-0.6200342371648477	11771660035631015e-29	-0.004481540232208212	4097034001139605e-34
1.5	-61.397047917066146	-0.6200156260739205	12262369938897955e-29	-0.004476423702440366	19972464667110579e-35
1.55	-61.396996548900105	-0.6202865963080457	11735035686244455e-29	-0.004470509267664173	2954135557847073e-34
1.6	-61.3969422762903	-0.6206695909308997	10358684396361006e-29	-0.00446415902930171	307883118104672e-33
1.65	-61.39688892954132	-0.6210115078312082	996422996196733e-28	-0.00445772592608147	34639907696919203e-35
1.7	-61.39684027654637	-0.6211987320799652	10060919111709588e-29	-0.0044515087441081985	39524016790927892e-35
1.75	-61.39679973878472	-0.6211654717698117	10493277254053357e-29	-0.004445722025845196	39901415677891316e-35
1.8	-61.39677013420342	-0.6208950757306941	10065277604442979e-29	-0.004440482341227898	3764779564352094e-34
1.85	-61.396753465504744	-0.6204149033461852	8683418567523304e-29	-0.004435810446556538	3861479389617565e-34
1.9	-61.396750770994615	-0.6197860703025664	8140124858890818e-29	-0.004431646617326146	39847229646729383e-35
1.95	-61.39676205035454	-0.6190899235081093	7910707679192885e-29	-0.0044278753595091355	37680986697469184e-35
2	-61.396786271637666	-0.6184133512777923	7193638046354422e-29	-0.004424354736144425	38881537328446616e-35
2.05	-61.39682145903417	-0.6178349974927089	6392976426017327e-29	-0.004420945538519293	38943852437470193e-35
2.1	-61.39686485416848	-0.6174141455023012	5844890543782455e-29	-0.004417536072224311	4170401392965862e-34
2.15	-61.39691313760797	-0.6171835268329644	47274033646016456e-30	-0.004414059259534553	3939536988856256e-34
2.2	-61.39696269221165	-0.6171466727930515	41381611678992236e-30	-0.004410500297545101	390437234994786e-33
2.25	-61.39700988662827	-0.6172797569578603	49771384930119567e-30	-0.004406894545896518	39158313064995865e-35
2.3	-61.397051355711014	-0.6175372650295331	43917994241304825e-30	-0.004403316850779642	43193338514666997e-35
2.35	-61.39708425517192	-0.6178603538947395	43377194197669056e-30	-0.004399864558409306	40209274251975597e-35
2.4	-61.39710647020193	-0.6181864787432012	35895331845781087e-30	-0.004396637471154715	4026386100988743e-34
2.45	-61.397116761973926	-0.6184588013705645	5426323453072701e-29	-0.004393717866969045	41239041233805617e-35
2.5	-61.397114841353606	-0.6186340385798229	6275687434997845e-29	-0.0043911538277259686	4014271682976819e-34
2.55	-61.39710136541761	-0.6186877325777411	6114444887905801e-29	-0.004388948195417344	3964829315455795e-34
2.6	-61.39707785882044	-0.6186163687734749	7682136177189491e-29	-0.004387054600671621	4073817205173437e-34
2.65	-61.39704656827386	-0.6184362605142737	8077241132886659e-29	-0.00438538089761535	4145990335850614e-34
2.7	-61.397010263616565	-0.6181795922941797	7707159563330457e-29	-0.004383799232718503	4125619559643195e-34
2.75	-61.39697200306716	-0.6178883975667318	8216019010964803e-29	-0.004382161094488215	42154734939983676e-35
2.8	-61.3969348825991	-0.6176074953609334	8522934961952e-26	-0.00438031505085834	7174734540865221e-34
2.85	-61.39690179014944	-0.6173774945013446	105685859369542e-27	-0.0043781246070728995	16648549556555001e-34
2.9	-61.396875184257325	-0.6172288931793782	10827536783830638e-29	-0.004375483723859201	38997875374905935e-34
2.95	-61.39685691416592	-0.6171780764600826	11085295008317342e-29	-0.004372327999631747	9052888008496796e-33
3	-61.39684809442048	-0.6172256859726977	11101666461121873e-29	-0.004368640228930333	20562660000262004e-33
3.05	-61.39684904219763	-0.617357457994133	996869687491797e-28	-0.004364449910325122	443823691005482e-31
3.1	-61.396859280213334	-0.6175472560798355	10143448581079184e-29	-0.004359827158924747	9247097843385064e-32
3.15	-61.39687760272128	-0.6177617157404223	1064187800381422e-28	-0.004354872232312949	19142734992581335e-32
3.2	-61.39690219715524	-0.6179657130687495	11074301198288339e-29	-0.00434970240421096	38918209492468914e-32
3.25	-61.39693080980312	-0.6181277911875184	11633532678856362e-29	-0.0043444381793704846	7459431646715719e-31
3.3	-61.396960940872475	-0.6182247325536375	11187513589139275e-29	-0.004339190737283236	12993065317319996e-31
3.35	-61.39699005250935	-0.6182446366158945	10836427241645019e-29	-0.004334052213056707	2228000531141025e-30
3.4	-61.39701577294251	-0.6181881197526018	10983423372190604e-29	-0.0043290899010586135	3653086683108428e-30
3.45	-61.397036080837786	-0.6180675554308617	10927218331568955e-29	-0.004324344536508928	591212330321097e-29
3.5	-61.3970494561047	-0.6179045704165946	10670522625211287e-29	-0.004319832616786724	9493558398095978e-30
3.55	-61.39705498645808	-0.6177262636274694	10730023640437292e-29	-0.0043155518592895	15234650787453777e-30
3.6	-61.39705242286156	-0.6175607829224998	11582922121444739e-29	-0.0043114884944948535	2454111733867882e-29
3.65	-61.397042181143334	-0.6174329606039467	11452210707529886e-29	-0.004307624960923599	3986133455041963e-29
3.7	-61.39702529129879	-0.6173606657895183	11111857961543237e-29	-0.004303946628626937	6571305668453244e-29
3.75	-61.397003299922034	-0.6173523924840844	10294998360749208e-29	-0.004300446442833483	11077518368875305e-29
3.8	-61.396978134631375	-0.6174063913951755	10589879667621815e-29	-0.004297126791147321	1899622985115341e-28
3.85	-61.396951941955926	-0.6175114060636759	10670132312429192e-29	-0.004293998405041787	3249487829322462e-28
3.9	-61.39692691184935	-0.6176488284346466	10480895665243573e-29	-0.00429107662041021	5423082778019014e-28
3.95	-61.3969051026329	-0.6177958823048386	11290209218917102e-29	-0.0042883757871643585	8791379718142072e-28
4	-61.396888279824196	-0.6179293045187846	11779834920011556e-29	-0.004285902994127011	13732122005262662e-28
4.05	-61.39687778091228	-0.6180289412665994	11513793390927063e-29	-0.0042836521516389225	20497471747364677e-28
4.1	-61.396874415949156	-0.6180807146416444	10795921448480961e-29	-0.00428159882129612	30186615160556266e-28
4.15	-61.396878410930064	-0.6180785332909289	9674899770217849e-29	-0.004279698418518487	4447750274599866e-27
4.2	-61.39688939757758	-0.6180248992999253	11562192175906816e-29	-0.0042778871948656524	6561829168456126e-27
4.25	-61.396906449584385	-0.6179301720554953	12433695566194114e-29	-0.004276085694501822	9540322634591447e-27
4.3	-61.39692816189091	-0.6178106559809244	11367469465728419e-29	-0.004274205079756517	1355735377825037e-26
4.35	-61.39695276636391	-0.617685851650303	11197314776778544e-29	-0.0042721550489569805	18986598069856205e-27
4.4	-61.39697827454917	-0.6175753240368705	11724041876215452e-29	-0.004269852335038311	26575341698937027e-27
4.45	-61.39700263619908	-0.6174956824528683	12639238614053916e-29	-0.004267228984961662	3726095487992586e-26
4.5	-61.39702390120324	-0.6174581307005993	12933816344318227e-29	-0.004264239170988065	5214827259681746e-26
4.55	-61.397040372403644	-0.6174669414568361	1274071993739856e-28	-0.004260863538128803	7264095230471862e-26
4.6	-61.397050737553585	-0.6175190543671136	13443152840908468e-29	-0.004257110612629933	10064213370667537e-26
4.65	-61.397054170367134	-0.6176048180623189	1316243121440852e-28	-0.0042530151409802585	13903958840322027e-26
4.7	-61.39705039301903	-0.6177097205027574	1244824555934887e-28	-0.00424863360864137	19232471237315414e-26
4.75	-61.397039695474646	-0.6178168063320736	1298527257942439e-28	-0.004244037546452428	2669449458552677e-25
4.8	-61.39702291038609	-0.6179093854044257	12297584825460284e-29	-0.0042393055470945126	37174203285320024e-26
4.85	-61.39700134578149	-0.6179736059556902	11299403253339779e-29	-0.0042345151532818485	5186477314897173e-25
4.9	-61.39697668101936	-0.6180005014814449	11687677735350288e-29	-0.004229735852813122	7232523397052375e-25
4.95	-61.39695083433854	-0.6179872145400077	10864963442824838e-29	-0.004225024161868568	10049758166046901e-25
5	-61.396925812445225	-0.6179372370451043	10951699616623678e-29	-0.00422042099609857	13858526310876028e-25

L= 50  beta= 0.5  t_max= 5.0  steps= 1010  D= 200  prec= 1.0e-20  delta= 0.1  [J0,h0,g0]= [1.0, 1.0, 0.0]
# t 	 E 	 mag_x 	 mag_z 	 corr 	 err
0.04950495049504951	-40.263158330081296	-0.40584200256727265	-6457677361617275e-29	-7824449307829737e-25	324486976168214e-34
0.09900990099009901	-40.30964538002595	-0.4058617671333081	-6593872714164825e-29	-7820822698777123e-25	16499949442898743e-35
0.1485148514851485	-40.39996004324283	-0.40591629934484696	-6417736319016421e-29	-7816654517853006e-25	15594473593592664e-35
0.19801980198019803	-40.556426703663035	-0.4060408831656458	-5798427148535296e-29	-7811311661618597e-25	36452513292282505e-35
0.24752475247524752	-40.796785002415746	-0.4062932065136125	-5098423723934347e-29	-7803672782876801e-25	31442261303334933e-35
0.297029702970297	-41.121239262748844	-0.40675552577006957	-4272576204843384e-29	-7792009242270324e-25	9697654842641858e-35
0.3465346534653465	-41.500071590604904	-0.40752719258894	-3330635046782506e-29	-7774020344013962e-25	11095832869258032e-35
0.39603960396039606	-41.87074081283793	-0.4087034022173298	-2405594138435885e-29	-7747163186624742e-25	1752000716242216e-34
0.44554455445544555	-42.15139910086322	-0.4103416095700937	-16879077864506363e-30	-7709337779730777e-25	3190063100144865e-34
0.49504950495049505	-42.26896109641146	-0.41242525997542956	-9839788225368094e-30	-7659772181937975e-25	1492401000858913e-34
0.5445544554455446	-42.18918900394867	-0.41484027500384413	-3638186277706891e-30	-7599685681665238e-25	339852420843301e-33
0.594059405940594	-41.932179639457274	-0.4173777307711605	16583104019166076e-31	-7532309217251397e-25	2871507593222973e-34
0.6435643564356436	-41.563846314677534	-0.4197657510943995	10832961522082643e-30	-7462159632393333e-25	21396008067800192e-35
0.693069306930693	-41.168247758875296	-0.4217208290238742	16833820423572195e-30	-7393950205431976e-25	9027037207459816e-35
0.7425742574257426	-40.816512056678235	-0.4230015857211661	1950700571796037e-29	-7331659580865303e-25	39602710281541067e-35
0.7920792079207921	-40.54786885604293	-0.423449660977747	25731629006952816e-30	-7278048965767341e-25	19210939488419538e-35
0.8415841584158416	-40.36844159944085	-0.4230099545383008	24993984172097054e-30	-7234589565668717e-25	17843378093202148e-35
0.8910891089108911	-40.26257941723552	-0.42173037936512753	20332518960322197e-30	-7201615803688578e-25	36969133974306104e-35
0.9405940594059405	-40.20705344769106	-0.4197461452561879	19385910843124158e-30	-7178551597876677e-25	3763325802730804e-34
0.9900990099009901	-40.18105163352983	-0.4172549206078384	1858872387945693e-29	-7164153462788352e-25	27640833141539443e-35
1.0396039603960396	-40.170151066684554	-0.4144883644182389	15284864841068446e-30	-7156739980206762e-25	31706863296714177e-35
1.0891089108910892	-40.16605612402708	-0.4116840078037071	14166629281498765e-30	-7154407904021805e-25	36872156620812935e-35
1.1386138613861385	-40.164680905866504	-0.4090601815867936	127618905070975e-28	-7155224985163269e-25	33756129428296603e-35
1.188118811881188	-40.164272056883775	-0.4067958350760942	12272168537482586e-30	-7157403053369961e-25	35791864917684137e-35
1.2376237623762376	-40.16416681779924	-0.40501650291068847	9936598204608431e-30	-7159414038589673e-25	2529827992425902e-34
1.2871287128712872	-40.16414284971343	-0.4037871324772976	10226336885275915e-30	-7160087692782342e-25	31140993716283385e-35
1.3366336633663367	-40.16413371602774	-0.4031118753635345	9497628627534491e-30	-7158650803088331e-25	3393787099285946e-34
1.386138613861386	-40.164121988762915	-0.4029402886840436	8928353336127958e-30	-7154729165835091e-25	3473306082615778e-34
1.4356435643564356	-40.16410421617706	-0.40317877063223095	6985903811238115e-30	-7148310404405218e-25	39388139832447935e-35
1.4851485148514851	-40.16408077443738	-0.40370556423024473	5244404683693529e-30	-7139676286374059e-25	3861887202303805e-34
1.5346534653465347	-40.1640531999368	-0.4043873751421895	6373827451800382e-30	-7129315519827249e-25	38089196060952e-32
1.5841584158415842	-40.16402348194903	-0.4050955988051061	2526786973712953e-30	-7117830398022369e-25	328983380578714e-33
1.6336633663366336	-40.163993797686786	-0.40572033790681417	3206756873830183e-30	-7105845048313428e-25	32078699148923758e-35
1.683168316831683	-40.163966330106696	-0.40618078057138396	5529508671905867e-30	-7093928699730287e-25	33585836636333225e-35
1.7326732673267327	-40.16394310139598	-0.40643104511898276	4896191154391383e-30	-708254132396073e-24	37672140793276105e-35
1.7821782178217822	-40.16392581992581	-0.4064612059300905	67026455190364815e-31	-7071997589447422e-25	40042917030831337e-35
1.8316831683168318	-40.16391575048332	-0.4062938181724649	6130263916689218e-30	-7062461666134963e-25	42450492109908507e-35
1.881188118811881	-40.16391361811063	-0.4059767829452796	7571190180101551e-30	-7053959633052477e-25	3342377436464196e-34
1.9306930693069306	-40.16391955356505	-0.4055737784908413	54790146384241776e-31	-7046409456102125e-25	35556834954127096e-35
1.9801980198019802	-40.16393308509115	-0.40515368797524454	7172501785263858e-30	-7039661139005009e-25	38440018178739616e-35
2.0297029702970297	-40.16395317736102	-0.40478046517023797	8676056723102745e-30	-7033537588704225e-25	38989991556434026e-35
2.0792079207920793	-40.163978314510345	-0.4045047068679315	11123349138865372e-30	-7027875042511894e-25	3754713614595794e-34
2.128712871287129	-40.164006620519714	-0.4043578785548388	9205942315062972e-30	-7022552518538034e-25	40379369968680453e-35
2.1782178217821784	-40.164036007051365	-0.4043497186661655	9794998674959814e-30	-7017509080501546e-25	35539781491255626e-35
2.227722772277228	-40.16406433664349	-0.40446888743954545	42393618966598185e-31	-7012745220530102e-25	3788017096143149e-34
2.277227722772277	-40.1640895879194	-0.404686491266255	9898907228393674e-31	-7008313629117294e-25	3895831985707687e-34
2.3267326732673266	-40.16411000944098	-0.40496175802379797	-41716849578766096e-32	-7004301708381085e-25	3970041156739437e-34
2.376237623762376	-40.1641242499327	-0.4052489049874245	-15028164559068162e-31	-7000799746513802e-25	3776110031247674e-34
2.4257425742574257	-40.16413145471062	-0.4055041518701643	660611613150574e-30	-6997876674610158e-25	39998689061163844e-35
2.4752475247524752	-40.164131321126064	-0.40569189001128114	10021918123241139e-31	-6995554866189843e-25	4014722658438507e-34
2.5247524752475248	-40.16412410932732	-0.405789207505046	5597099004827243e-31	-6993791274047429e-25	4008538367208779e-34
2.5742574257425743	-40.16411060842336	-0.4057882553872245	-29537552135132585e-31	-6992468160048985e-25	4037495618289558e-34
2.623762376237624	-40.16409206175473	-0.40569627701651556	-2991611223582254e-30	-6991401148690216e-25	11686841409743671e-34
2.6732673267326734	-40.16407005828661	-0.4055334621955696	8094320040657511e-31	-6990347306432915e-25	33496687883704712e-34
2.722772277227723	-40.16404639967395	-0.4053290825474175	-1265172252142452e-31	-6989030360592953e-25	9351373725883765e-33
2.772277227722772	-40.16402295430447	-0.4051165771252945	22281443641295227e-31	-6987167631239986e-25	2549764342919501e-32
2.8217821782178216	-40.164001510321	-0.40492836261784104	12559504673922066e-31	-6984499228135483e-25	6760182784207035e-32
2.871287128712871	-40.16398363936068	-0.4047911324342149	37285987651102474e-32	-6980815315427294e-25	16999110331815425e-32
2.9207920792079207	-40.163970581491455	-0.40472229153275774	20541684493442423e-32	-6975979366716329e-25	4050431303010672e-31
2.9702970297029703	-40.16396315977411	-0.4047279717388659	3623394384546564e-30	-6969941058850211e-25	962389704919817e-30
3.01980198019802	-40.16396173022236	-0.4048028187630859	5660929861473268e-30	-6962737286532032e-25	22762240508079267e-31
3.0693069306930694	-40.16396616990559	-0.4049314759068027	6781382802700291e-30	-6954487322726676e-25	5408318045265108e-30
3.118811881188119	-40.163975902820255	-0.40509144900696364	7693353119178391e-30	-6945379030063694e-25	12659133742742683e-30
3.1683168316831685	-40.16398996017528	-0.4052568553517486	8985287425110722e-30	-6935648273350626e-25	2898873318254813e-29
3.217821782178218	-40.1640070691852	-0.4054024589281802	6635066318208392e-30	-6925553133212957e-25	6437450606529576e-29
3.267326732673267	-40.16402576244765	-0.4055073855319691	62217278620103195e-31	-6915349335569836e-25	13830111614158291e-29
3.3168316831683167	-40.164044498698615	-0.4055579905171035	593278541082142e-29	-6905279084484417e-25	2878874684609399e-28
3.366336633663366	-40.16406178521291	-0.40554950340644325	6442143520420975e-30	-6895550296139049e-25	57498731043339e-26
3.4158415841584158	-40.16407629238155	-0.40548627177583785	7667102516537928e-30	-6886318889746675e-25	11465185485788032e-28
3.4653465346534653	-40.16408695194433	-0.40538064082544656	5836011497172778e-30	-6877688098974461e-25	2290105197410422e-27
3.514851485148515	-40.164093031949704	-0.40525070312147615	30766297662483074e-31	-6869700783357906e-25	4528418293928025e-27
3.5643564356435644	-40.164094183521286	-0.4051173071734935	-21381895578787422e-31	-6862359789295603e-25	8838202238145744e-27
3.613861386138614	-40.16409045683035	-0.4050008034896482	-16322778974852918e-30	-6855683738131618e-25	16928818855321222e-27
3.6633663366336635	-40.164082286056434	-0.40491802242743835	-459009068459646e-28	-6849775429211995e-25	31508570486508944e-27
3.712871287128713	-40.16407044547041	-0.4048799206678736	-10590507562552533e-29	-6844739478617702e-25	57219427256708093e-27
3.762376237623762	-40.16405598088606	-0.40489021421333915	-22193693180847152e-29	-684032880758299e-24	1031880537063412e-25
3.8118811881188117	-40.16404012231909	-0.4049451555938697	-4605821431290817e-28	-6836250809012041e-25	1833848551736734e-25
3.8613861386138613	-40.16402418481925	-0.4050344367124754	-9288131423775034e-28	-6832578463404666e-25	31612815191218324e-26
3.910891089108911	-40.16400946523225	-0.40514303302917537	-18140119645410231e-28	-6829914464124902e-25	5251993576627431e-25
3.9603960396039604	-40.163997143276404	-0.40525367351410135	-33748118670090767e-28	-6828719892138754e-25	8552448902694699e-25
4.00990099009901	-40.16398819388137	-0.4053495418606683	-59485822395706194e-28	-6826723282894512e-25	13680364761053684e-25
4.0594059405940595	-40.163983316946926	-0.4054167971091922	-9967190658079471e-27	-6818238364255013e-25	2162859249737184e-24
4.108910891089109	-40.16398289147281	-0.4054465464688429	-16007147649936867e-27	-6795575007836508e-25	3410011587017493e-24
4.158415841584159	-40.163986954912346	-0.40543600031429056	-24852728869961406e-27	-6751010801487189e-25	53526990143802355e-25
4.207920792079208	-40.163995211260655	-0.4053886726840331	-3759829475433471e-26	-669176904077961e-24	8364117294848264e-24
4.257425742574258	-40.16400706333691	-0.40531363926391073	-55656862247313874e-27	-6637633573225688e-25	12934868130946052e-24
4.306930693069307	-40.16402167381125	-0.40522400569040384	-8058229370830426e-26	-6593646357369064e-25	19875085234266187e-24
4.356435643564357	-40.16403805806208	-0.40513485341637234	-11379348023198468e-26	-6538828787983756e-25	3048320039875448e-23
4.405940594059406	-40.16405518697138	-0.4050609996975135	-15648278699715217e-26	-644579222619575e-24	4650758109345489e-23
4.455445544554456	-40.164072106709284	-0.40501492383744797	-20939390151148474e-26	-630427136786335e-24	7025592806567925e-23
4.5049504950495045	-40.16408807624324	-0.4050051740132657	-27116602483265307e-26	-6149683127830135e-25	1044027824029981e-22
4.554455445544554	-40.16410269785865	-0.40503548307535786	-33097775341993723e-26	-6015848974184331e-25	15252139095214736e-23
4.603960396039604	-40.16411606163112	-0.4051047168120444	-34962165311601774e-26	-5793119507784959e-25	22116685386013052e-23
4.653465346534653	-40.16412890992258	-0.40520766675461706	-22966601364082053e-26	-5307478594161016e-25	3193729099283685e-22
4.702970297029703	-40.16414278597003	-0.4053365586087574	2309514959692466e-25	-4443667175422692e-25	4583167745276088e-22
4.752475247524752	-40.16416019018309	-0.40548304244834993	14137716074955627e-25	-3024049182463836e-25	6529815458087115e-22
4.801980198019802	-40.16418475597718	-0.4056403847705493	3973884030826192e-24	-7649420498073815e-26	9230663888677991e-22
4.851485148514851	-40.16422142645846	-0.40580555978710886	8933743821038282e-24	25702962325660144e-26	12929816760955502e-22
4.900990099009901	-40.16427658069479	-0.4059809487995455	17801061411488015e-24	7103771677079451e-25	17904065921804672e-22
4.9504950495049505	-40.1643580854401	-0.4061754126602576	3279412586195215e-23	12881989252776575e-25	24461538605963674e-22
5	-40.16447537685117	-0.4064046162513876	5720427795149049e-23	1991708285364824e-24	3297482572761432e-21

L= 50  beta= 0.1  t_max= 5.0  steps= 1000  D= 200  prec= 1.0e-20  delta= 0.1  [J0,h0,g0]= [1.0, 1.0, 0.0]
# t 	 E 	 mag_x 	 mag_z 	 corr 	 err
0.05	-9.811577671016115	-0.09901411469923768	915222029927617e-27	6747726734805877e-40	20361952749273186e-37
0.1	-9.823130811250355	-0.09901876725542019	9091750506531998e-28	6592077114077626e-40	2190591219398925e-34
0.15	-9.845671655730774	-0.09903167026807	8930210351442895e-28	6336469238198046e-40	13294490908789496e-35
0.2	-9.88479409559234	-0.09906125347238226	8753395076743421e-28	598138250656648e-39	19184411996842355e-37
0.25	-9.944841360184	-0.09912128763627381	8458193246434514e-28	55537968872696415e-41	10197259591408237e-35
0.3	-10.02557340172433	-0.09923130949441109	8089079528893149e-28	5045247805505758e-40	28734112759025724e-35
0.35	-10.119066566042605	-0.0994146356827197	7685364750186301e-28	448025335050093e-39	6914921858397161e-35
0.4	-10.20918138438309	-0.09969300155238033	7204103149921128e-28	3875784344497118e-40	8610207937439013e-35
0.45	-10.275312202033641	-0.10007830801900316	6667865470141519e-28	32556080926918783e-41	26320418179671e-32
0.5	-10.299736191305502	-0.10056400329087271	6094524977308728e-28	259169333840939e-39	15918819728673623e-35
0.55	-10.275127485326568	-0.10111995259039148	549641814419105e-27	19671208509170009e-41	13605394454934167e-35
0.6	-10.20796011595225	-0.10169394111991573	488918723699485e-27	1385366930148616e-40	1119383035624904e-34
0.65	-10.115676920136774	-0.10222021059835606	4295103742886805e-28	881539345192303e-40	35571575492954406e-35
0.7	-10.019290947015694	-0.10263229893521804	3728745197426292e-28	47781740684177616e-42	5475834083960306e-35
0.75	-9.935674392624405	-0.10287590717259057	3169341205800439e-28	12917158798616334e-42	3671933698399818e-34
0.8	-9.873336142653772	-0.10291818925249191	2654305888444974e-28	-14480085798264934e-42	40889691518759353e-35
0.85	-9.832720449330422	-0.10275182704331405	21730666376790385e-29	-35703414170967057e-42	16917915991134805e-35
0.9	-9.809370197051546	-0.10239415914225242	17180482388490557e-29	-5129469201603272e-41	28673069586256065e-35
0.95	-9.797452200595627	-0.10188270742628877	13102428925150588e-29	-6225879562647045e-41	3437602448059056e-34
1	-9.792029709515443	-0.10126867525513264	9622311319452167e-29	-6922817928970013e-41	32867302951018086e-35
1.05	-9.789824994153435	-0.10060974139738965	6579644658026415e-29	-737692855878387e-40	2813256393374934e-34
1.1	-9.789023651555148	-0.09996310510456213	37087960211679696e-30	-7619166605682448e-41	2972518554838887e-34
1.15	-9.78876432859906	-0.09937943788486872	19654747908885297e-30	-7705935594951997e-41	292536601824944e-33
1.2	-9.788690681958755	-0.09889819434104698	10074698864899703e-31	-7724704752377516e-41	24030319324929105e-35
1.25	-9.78867290463031	-0.09854458073545133	-1245698988845386e-29	-7699857212618494e-41	1934875134352321e-34
1.3	-9.788669063100158	-0.09832832698535902	-20573736857402445e-30	-7675616932917732e-41	29644941144430333e-35
1.35	-9.788667120557928	-0.09824423765957241	-257566769342156e-28	-7652708281978641e-41	25044652993961844e-35
1.4	-9.788664089583392	-0.09827432137153555	-2695540383737666e-29	-7633027361588549e-41	30149868909666946e-35
1.45	-9.788659488461713	-0.09839114035282714	-26811128095112234e-30	-763030549814082e-40	38145153547893985e-35
1.5	-9.788653521898402	-0.09856190710285463	-26061286913474675e-30	-7623823644771524e-41	38476624125979203e-35
1.55	-9.78864661561418	-0.09875279918100704	-2320343879559541e-29	-7622601855601926e-41	33974249479810113e-35
1.6	-9.788639287764191	-0.09893297270374024	-18892924898710117e-30	-7628118264541228e-41	4101487773111895e-34
1.65	-9.788632091613199	-0.0990778264922679	-1527054739747921e-29	-7632044009142873e-41	37450407439331965e-35
1.7	-9.788625570542196	-0.09917119045921283	-9150167137120953e-30	-7632920433317989e-41	41427110167163253e-35
1.75	-9.788620216083032	-0.09920626608851615	-4498898585705296e-30	-7628317159127865e-41	3812872390315748e-34
1.8	-9.788616430070297	-0.0991853127512268	-6364626793871114e-31	-762055150882865e-40	42868378641235945e-35
1.85	-9.788614493682736	-0.09911822962425255	5209141825316478e-30	-7611902027124978e-41	33722072164148064e-35
1.9	-9.78861454592841	-0.09902030996410813	8716463505201104e-30	-7601059719052324e-41	2966170008030338e-34
1.95	-9.788616573402393	-0.09890952794582117	12513788345392411e-30	-7589305514741864e-41	4041311421771925e-34
2	-9.788620412206098	-0.09880375007603853	14488139333071785e-30	-7578427395192808e-41	39645390959392556e-35
2.05	-9.788625761890287	-0.09871824231620754	1585736370823649e-29	-7568677659554039e-41	40946250105064753e-35
2.1	-9.788632210253072	-0.09866377640924051	1588279800568537e-29	-7557262998648046e-41	37677189302224517e-35
2.15	-9.788639266905719	-0.09864553620056019	18432709367539274e-30	-7548769566344256e-41	3643631936935362e-34
2.2	-9.78864640277667	-0.0986629026663065	19089627166959332e-30	-7540775077797206e-41	39245360789659004e-35
2.25	-9.788653092240327	-0.09871007228925383	2010994050742694e-29	-752956409489251e-40	39197269534105867e-35
2.3	-9.788658854362357	-0.0987773540316896	21726704371948642e-30	-752625784535216e-40	35688882937118765e-35
2.35	-9.788663289873266	-0.098852909214486	208548939745255e-28	-7526779296627383e-41	3904449735449254e-34
2.4	-9.788666110890262	-0.09892465528310615	1890246568246844e-29	-7508837592051436e-41	3711366726703473e-34
2.45	-9.788667161069998	-0.09898205227243115	1686442958860079e-29	-7499622299187249e-41	4188526461018111e-34
2.5	-9.788666424731897	-0.09901752751673389	16025893651903352e-30	-7506509612605238e-41	3903936035237017e-34
2.55	-9.788664024442784	-0.09902736233630392	15361827685757015e-30	-751251031095428e-40	6502752763474702e-34
2.6	-9.78866020754385	-0.0990119527118899	15214081595119364e-30	-7514474923743265e-41	18169842234671554e-34
2.65	-9.788655323009134	-0.09897545083758993	1392557667842419e-29	-7513109578104882e-41	5074685020232095e-33
2.7	-9.788649790795844	-0.09892488226796178	13080878073577652e-30	-7510652246082628e-41	1404361237971428e-32
2.75	-9.78864406640755	-0.09886890223608563	12398770093542192e-30	-7510446438904609e-41	3835523304721784e-32
2.8	-9.78863860370739	-0.0988163960229829	13427558541709317e-30	-7511200608366375e-41	103174535118468e-30
2.85	-9.788633819056919	-0.09877513776020967	12482066322985063e-30	-7507550757323046e-41	2731640948592171e-31
2.9	-9.788630059648748	-0.09875070022634586	1361097219424395e-29	-7499469141245772e-41	712039683481761e-30
2.95	-9.78862757844858	-0.09874575994934288	14125658519696053e-30	-7490767491493155e-41	18280327284797157e-31
3	-9.788626517534617	-0.09875987564603825	14294017724501194e-30	-7481512824862166e-41	4623790218258511e-30
3.05	-9.78862690087212	-0.09878974424508152	15521364448524904e-30	-7470588670323838e-41	11523858428258756e-30
3.1	-9.788628636751806	-0.09882986850301126	16308379061660095e-30	-7455694693855677e-41	2829608367692047e-29
3.15	-9.788631529336564	-0.09887351350732315	1764895532029897e-29	-744107579258809e-40	6842512447124661e-29
3.2	-9.788635298050346	-0.09891379367798528	19066150671159523e-30	-7427666583409806e-41	1628553430551119e-28
3.25	-9.788639602970491	-0.09894472132232916	19342992219028348e-30	-7411137046695004e-41	3811994250639817e-28
3.3	-9.788644073985612	-0.09896206261230124	1997045235274953e-29	-7389521767976627e-41	8767876683052203e-28
3.35	-9.78864834127756	-0.09896388358164387	18755155284071622e-30	-7361924980516679e-41	19799230187332082e-28
3.4	-9.788652064684307	-0.09895072090187873	20157268140386708e-30	-732436576605214e-40	4385807638869651e-27
3.45	-9.788654959692295	-0.09892537136456872	1938751210552546e-29	-7276937848800986e-41	9522823954844939e-27
3.5	-9.788656818163076	-0.09889235112185865	1939957558763669e-29	-7212282844345788e-41	20253421251992258e-27
3.55	-9.788657522383641	-0.09885712249007692	18973361807425164e-30	-7122189139490501e-41	4216512101733939e-26
3.6	-9.788657051609942	-0.09882521608579198	1958626732003423e-29	-700463509980852e-40	8583961807201024e-26
3.65	-9.788655480883584	-0.09880138559016304	1961887251346402e-29	-6858827278551954e-41	17036607811569755e-26
3.7	-9.78865297252774	-0.09878892105818597	1999677667991603e-29	-6715213691211344e-41	3258490564265088e-25
3.75	-9.788649761329648	-0.09878921704155375	20113743806372965e-30	-6867062563225794e-41	5829387091885157e-25
3.8	-9.788646134750245	-0.09880164907295812	2011011779039059e-29	-10534062692635326e-41	9689945937746342e-25
3.85	-9.788642409361255	-0.09882376328124749	2006364389882183e-29	-3105582065738952e-40	16238598822743504e-25
3.9	-9.78863890607639	-0.0988517368377915	19892883457369722e-30	-1155134875236998e-39	2712622163789981e-24
3.95	-9.788635924432931	-0.09888102783031752	19713670003505705e-30	-2980073877596233e-39	4276168797861208e-24
4	-9.788633724371621	-0.09890710804014538	19968362618533448e-30	-342454842296421e-38	6603422436053143e-24
4.05	-9.788632517542176	-0.09892616492678932	2026084514881329e-29	-24873099173405327e-42	1034657889273272e-23
4.1	-9.788632445318209	-0.09893566848957798	20498733913658115e-30	8663186775455141e-39	15317337852956125e-24
4.15	-9.788633545740634	-0.09893472154322176	21094950986493928e-30	51642510181021946e-40	202725489873847e-22
4.2	-9.788635737334449	-0.09892414938855856	2197445173561735e-29	-4629737892572633e-39	26637951723005385e-24
4.25	-9.788638821387469	-0.09890633073163907	22777980090654055e-30	-5148522947379808e-39	3484316775944033e-23
4.3	-9.788642491368936	-0.09888480441754167	24477361720324482e-30	-18009349456091905e-39	4583675090019537e-23
4.35	-9.788646543569353	-0.09886372685759465	27320516059283057e-30	-23719641627735046e-39	6652718417747962e-23
4.4	-9.788650878117064	-0.09884727581648314	31676267423473844e-30	-47736955773889515e-39	10408085550815091e-23
4.45	-9.788655412040653	-0.0988390981917808	3691705899442195e-29	-8366807090135252e-38	16663766706234032e-23
4.5	-9.788660147137191	-0.09884189416551106	4429708103042423e-29	-12778241078522829e-38	2670590817656185e-22
4.55	-9.788665262993078	-0.09885720795765784	5373045407957055e-29	-18768913538043797e-38	42496130185112006e-23
4.6	-9.788671212725967	-0.09888546458548902	6477391698876379e-29	-2933040179858442e-37	6689021100154401e-22
4.65	-9.788678839378179	-0.09892625607756385	7900032007976897e-29	-5430845044902273e-37	10388900336618515e-22
4.7	-9.788689528874684	-0.09897884507533455	9541256961977763e-29	-12895103044744479e-37	15888052400652962e-22
4.75	-9.788705405107972	-0.09904282297970066	11602280371722113e-29	-3904300132499088e-36	23886507254977267e-22
4.8	-9.788729639501277	-0.09911883538121212	14281714724745588e-29	-13861155989174428e-36	3520743490539324e-21
4.85	-9.788767075814272	-0.0992092672058919	17885790175687377e-29	-4901730679668199e-35	5067033831364741e-21
4.9	-9.788824839655453	-0.09931876982666776	2316743104952861e-28	-18374062597856051e-35	7118607738582624e-21
4.95	-9.788911850788075	-0.09945456948325901	3126215001053681e-28	-1817444177827669e-33	9824187887807917e-21
5	-9.789038158914842	-0.09962660812318719	4362264679420361e-28	-1423841667838183e-32	13361184117814925e-21

L= 50  beta= 0.01  t_max= 5.0  steps= 1000  D= 200  prec= 1.0e-20  delta= 0.1  [J0,h0,g0]= [1.0, 1.0, 0.0]
# t 	 E 	 mag_x 	 mag_z 	 corr 	 err
0.05	-0.9907725952407063	-0.009999097073406467	-6476869429021232e-28	4065906907136478e-40	49083874640389996e-40
0.1	-0.9919391530576191	-0.00999956362179145	-6382435036959559e-28	3999937021065722e-40	47223262709160006e-36
0.15	-0.9942151750523707	-0.010000859633404215	-6273232079969584e-28	3885115881494303e-40	32124255901588637e-35
0.2	-0.9981654919346474	-0.010003833760285435	-6135595216467316e-28	37089309801052804e-41	10379530036069673e-37
0.25	-1.00422864540558	-0.010009872133120927	-5944870979561e-25	3490959209872042e-40	7121839428927673e-35
0.3	-1.0123803795154593	-0.010020940930025812	-5718820283440533e-28	32400219065634105e-41	2215267415888835e-34
0.35	-1.0218205924659929	-0.010039386198548137	-5419934482203243e-28	29345740201916185e-41	559923779717825e-34
0.4	-1.0309196163312628	-0.010067393930724852	-5110372120610472e-28	2597739252054421e-40	7421632650893783e-35
0.45	-1.0375968671299662	-0.010106159131641729	-4766733450470337e-28	22599186183629236e-41	23473476130112024e-35
0.5	-1.040062931518026	-0.01015501838549819	-4409326600431657e-28	19271823513904308e-41	1452034371526997e-34
0.55	-1.0375782739410258	-0.010210933902555674	-39961065948120544e-29	16064430590264464e-41	1281670585676284e-34
0.6	-1.030796749971024	-0.010268645652276018	-3582550408956958e-28	13187156225955683e-41	1041852235603162e-34
0.65	-1.0214796302500067	-0.010321531710431637	-31876338389407746e-29	10518812561842434e-41	33948686658154688e-35
0.7	-1.0117485056196796	-0.010362901699567478	-2798796418229919e-28	8130712052207228e-41	52785064697340044e-36
0.75	-1.0033067558430835	-0.01038729266446182	-24313441166006657e-29	6158832140984365e-41	4370701279318381e-34
0.8	-0.997013326557258	-0.010391404418265054	-20956623042423896e-29	45418867973016864e-42	40292230197456114e-35
0.85	-0.9929129739105643	-0.010374509479769438	-17590964821511958e-29	3284271467216086e-41	16630879671428798e-35
0.9	-0.9905556683891962	-0.010338364646667902	-14548927693173396e-29	23346510935031743e-42	4341133257056576e-34
0.95	-0.9893524983769049	-0.010286759551977054	-11897210260171665e-29	16064373222553227e-42	3447790543422708e-34
1	-0.9888050736872585	-0.01022486075705667	-9744469963599406e-29	10777038330710208e-42	3295562221250677e-34
1.05	-0.9885824960857171	-0.010158484849161218	-7657415004839977e-29	7082156527270896e-42	2809119414652648e-34
1.1	-0.9885015958608725	-0.010093396937405632	-5963556801553494e-29	4800819663560103e-42	30165843370884145e-35
1.15	-0.9884754161159522	-0.010034700746076052	-46482333944311006e-30	29430585950090686e-43	2930602807433985e-34
1.2	-0.9884679820879569	-0.009986366003456546	-3566383753567723e-29	17588780229993982e-43	24675925046754724e-35
1.25	-0.9884661887638345	-0.009950923281574858	-25816275558431397e-30	10291260187373594e-43	1955446641706664e-34
1.3	-0.9884658024867793	-0.009929340964703635	-18455788335995952e-30	5423665136484439e-43	30606500551486775e-35
1.35	-0.98846560792669	-0.009921081819942768	-10458944317625497e-30	24041856635096254e-44	2627363153448898e-34
1.4	-0.988465303392986	-0.009924318841023558	-7059494543478001e-30	846589399083431e-43	30520782460834483e-35
1.45	-0.9884648401845535	-0.009936274121771574	-30244213648833102e-31	17276637098595903e-45	389842927695544e-33
1.5	-0.9884642389115978	-0.00995363292609125	4102407897890097e-31	-19302498286664548e-45	34893688167558984e-35
1.55	-0.9884635425083713	-0.0099729795040916	4220809033736931e-30	-16242906056874708e-45	3579926640484784e-34
1.6	-0.9884628032533073	-0.00999120218925504	7617417331986017e-30	27068575350718345e-45	4276897006395135e-34
1.65	-0.9884620769835227	-0.010005822548950154	10493813010530892e-30	8429476199340324e-44	33153995622694167e-35
1.7	-0.988461418554051	-0.0100152156724975	12740769033637532e-30	17799105194323098e-44	43409701405276825e-35
1.75	-0.9884608776013684	-0.010018704283057739	1329241260537024e-29	2355640910376963e-43	40271460158820495e-35
1.8	-0.9884604947222462	-0.010016526128137294	1542778014869531e-29	31685470802360524e-44	3178522900775523e-34
1.85	-0.9884602983474043	-0.010009689866584558	17631136778802304e-30	4485112803116169e-43	3516462722464967e-34
1.9	-0.9884603025671628	-0.009999747490022082	1940985009495588e-29	5556475098400129e-43	30951583520528626e-35
1.95	-0.9884605060947309	-0.009988519731127585	21875322661710203e-30	5510254070072161e-43	42184245985568994e-35
2	-0.9884608924565687	-0.009977814100136696	20886671978484434e-30	5571129896047365e-43	4238925343335734e-34
2.05	-0.9884614313958457	-0.009969173054880685	20954788286774647e-30	5965485699013266e-43	4269881087972461e-34
2.1	-0.9884620813718764	-0.009963682947924324	22145813568328215e-30	598411581252924e-42	4046330573139247e-34
2.15	-0.9884627929441061	-0.009961863993214377	22667651836652547e-30	594556840505568e-42	39233046801808974e-35
2.2	-0.9884635127562023	-0.009963649141510093	2214706473411713e-29	6438993466750334e-43	4110825604405131e-34
2.25	-0.9884641877855079	-0.009968447207018831	23420315977218716e-30	6600632751432577e-43	42499917248553014e-35
2.3	-0.9884647695038117	-0.009975274533021803	24213820117646492e-30	6293498803720327e-43	38094654375247645e-35
2.35	-0.9884652176081747	-0.009982931313249475	23440455960232486e-30	6529819082560407e-43	42143338591110285e-35
2.4	-0.9884655030203064	-0.009990194322706265	2447057173481513e-29	6739783396063159e-43	40141530225946237e-35
2.45	-0.9884656099216901	-0.009995997613280827	2443997247817051e-29	6694916582722355e-43	41652583194329487e-35
2.5	-0.988465536676149	-0.009999576464862046	2600316705536786e-29	6098995417511973e-43	41801582006385195e-35
2.55	-0.9884652955890783	-0.010000556796025677	25093234754768718e-30	59936737097701894e-44	6742918783500881e-34
2.6	-0.9884649115512848	-0.009998981179205653	24764720115109778e-30	6020533679254006e-43	1890633501199378e-33
2.65	-0.9884644197079168	-0.00999527220754043	23786534649235123e-30	5498894960460162e-43	53083379378060295e-34
2.7	-0.9884638623697297	-0.009990142842999455	23081793352193887e-30	5324941283321973e-43	1475214591540437e-32
2.75	-0.9884632854416413	-0.00998447033377441	23291096261225873e-30	513590297257392e-42	40425005738964606e-33
2.8	-0.9884627346742167	-0.00997915445511845	22347957285978464e-30	4769225478707025e-43	10903728783272524e-32
2.85	-0.9884622520484814	-0.009974981774337489	23388803727086075e-30	4449475556622409e-43	2893174172977723e-31
2.9	-0.9884618725830568	-0.009972515417821438	23610002970867707e-30	4484273170018316e-43	7554876559288085e-31
2.95	-0.9884616218073248	-0.009972024923027852	23437717157129433e-30	4642344277693425e-43	19424221246195345e-31
3	-0.9884615140806083	-0.00997346404219076	23571479968306755e-30	4902014511591611e-43	4919148180576723e-30
3.05	-0.9884615518621095	-0.00997649689341715	25168175041768335e-30	500755257978603e-42	12272762129303492e-30
3.1	-0.9884617259546481	-0.009980565747505494	2541098252749445e-29	5117555707255312e-43	3016226550965944e-29
3.15	-0.9884620166665807	-0.009984988004079227	25762928507567115e-30	5418441467454873e-43	7299677337078678e-29
3.2	-0.9884623957633747	-0.009989066307798502	26342275971132303e-30	580721289429198e-42	1738647514538231e-28
3.25	-0.988462829024763	-0.009992194697444914	265706548322578e-28	6035151126330748e-43	40725431888089565e-29
3.3	-0.9884632791814162	-0.00999394519076983	2673720668635144e-29	6334022550010822e-43	9373540807129366e-28
3.35	-0.9884637089852435	-0.009994122934980455	2756366711545844e-29	6416736364543166e-43	21181310840240483e-28
3.4	-0.988464084167088	-0.009992783339391229	28309869893407896e-30	6564677318849952e-43	4695213294876661e-27
3.45	-0.9884643760555105	-0.009990210599509022	27630116985405132e-30	6692606501516333e-43	10201991144067945e-27
3.5	-0.9884645636653254	-0.009986862804179144	27754245248551215e-30	6919158116422913e-43	21714653458680144e-27
3.55	-0.9884646351143209	-0.009983293546740131	28101708664309102e-30	707485142136415e-42	4524725291899428e-26
3.6	-0.9884645882840146	-0.009980062988455341	28211300345875975e-30	697522130730753e-42	9222987292649212e-26
3.65	-0.9884644307029975	-0.009977652279470131	27913905045058746e-30	6802536478822446e-43	18357132462951648e-26
3.7	-0.9884641786940132	-0.009976394082855536	27724046790193466e-30	7000660541575553e-43	35443514917406385e-26
3.75	-0.9884638558903632	-0.009976428939667508	2801497140485582e-29	6988225678258483e-43	6510321305998091e-25
3.8	-0.988463491286288	-0.009977692885403226	27892132213813778e-30	7103749238217154e-43	1113361820022048e-24
3.85	-0.9884631169226817	-0.009979936782582516	27979220619151684e-30	7234318271249337e-43	1866700665009801e-24
3.9	-0.9884627654323221	-0.009982773066413923	27972531554818574e-30	7075759878921273e-43	32063929320619377e-25
3.95	-0.9884624678228764	-0.009985741687189662	2796230963004795e-29	56193855136318285e-44	5506600366881813e-24
4	-0.9884622508019454	-0.009988384481806957	28502374931098516e-30	4686051945898979e-43	9038184048372811e-24
4.05	-0.9884621336255379	-0.009990316359344872	294095449798111e-28	4224754541531066e-42	13549216461705444e-24
4.1	-0.9884621323510004	-0.009991282649143753	3063305556182232e-29	9663600611388537e-42	20398064211247038e-24
4.15	-0.9884622597622367	-0.00999119485870751	3294645731326845e-29	-12466662607668372e-41	3116741284884943e-23
4.2	-0.9884625207981462	-0.009990140521109882	37214154005749897e-30	-15084798987817136e-40	4430806011204974e-23
4.25	-0.9884628862724917	-0.009988365774504439	4391375088878476e-29	-63224276676434805e-40	5768766391579125e-23
4.3	-0.9884633027780577	-0.00998623535898402	5337175524527606e-29	-13305124830954228e-39	7222790028579112e-23
4.35	-0.9884637526342361	-0.00998417723231632	6696537626299676e-29	-15757072140088905e-39	8508541925586692e-23
4.4	-0.98846421591788	-0.009982617891707119	8508020192098775e-29	-114333488848934e-37	11432837324625571e-23
4.45	-0.9884646937837567	-0.009981926635647342	10810077461984256e-29	-5733869484254784e-39	1753940087470728e-22
4.5	-0.9884651956087289	-0.009982374613457391	13545523055132719e-29	-12313676837265482e-40	27822522779175105e-23
4.55	-0.9884657452468542	-0.009984113485810915	1668766066339092e-28	1884919011812292e-39	4418802292586089e-22
4.6	-0.9884663946514494	-0.009987179517216602	20090212595347204e-29	4522739637280269e-39	6960731290312885e-22
4.65	-0.9884672374454984	-0.009991523636489705	23505929243105567e-29	9017630142902429e-39	10832808090152197e-22
4.7	-0.9884684257097649	-0.009997064067396335	2658905316189151e-28	2129160585913255e-38	16615517217484665e-22
4.75	-0.9884701806596954	-0.01000375493992782	2883142693075988e-28	5989985328081699e-38	2507848245693412e-21
4.8	-0.9884727808769003	-0.01001166179674734	2945122311343831e-28	19886023379180031e-38	3720012171955121e-21
4.85	-0.9884765762705835	-0.010021033181006821	2731368333573994e-28	7948039088842725e-37	5411393051344047e-21
4.9	-0.9884820620041673	-0.010032357009813784	20451149126592205e-29	3679167906720698e-36	7695072671035996e-21
4.95	-0.9884900708721354	-0.01004639316646951	5525891866036399e-29	15198234147708603e-36	10673106980039005e-21
5	-0.9885020895853465	-0.010064179558107024	-23294892098518975e-29	3656171722616346e-35	1448064737121895e-20

L= 50  beta= 0.3  t_max= 5.0  steps= 1000  D= 200  prec= 1.0e-20  delta= 0.1  [J0,h0,g0]= [1.0, 1.0, 0.0]
# t 	 E 	 mag_x 	 mag_z 	 corr 	 err
0.05	-27.35035557739408	-0.27587752207559296	10754812060741872e-29	-2006011395110234e-29	14267093867616263e-35
0.1	-27.382577062590777	-0.27589081266611126	10556408123741893e-29	-2004985368942587e-29	7655762522915293e-37
0.15	-27.445442884470644	-0.2759276667394708	9962982098809694e-29	-20038198237303224e-30	22679864628122954e-37
0.2	-27.554554604798977	-0.2760121750779073	9830556586419422e-29	-20023463081129738e-30	48336118834833253e-36
0.25	-27.722026761173336	-0.27618371383104573	9174410224630089e-29	-20002648741278292e-30	7732989177650062e-35
0.3	-27.94719318100258	-0.27649819152238175	868065341641578e-28	-19971131216415887e-30	22239698552156683e-35
0.35	-28.207960086792674	-0.2770224284035757	8215644827102822e-29	-1992278824598832e-29	2426367076897606e-34
0.4	-28.45931820499937	-0.27781890798290637	7624117197005497e-29	-19850941609589487e-30	2332616821812975e-34
0.45	-28.64379249394505	-0.2789222576603215	6831705377749727e-29	-19750255638014288e-30	12876750171898457e-35
0.5	-28.711931055749055	-0.28031463696313996	617185179881354e-28	-19619109196602457e-30	28473120683794865e-35
0.55	-28.643265219659312	-0.28191100094443255	5302023931986218e-29	-19461262984561203e-30	21177625749650054e-35
0.6	-28.45581902700745	-0.2835632124225591	4507478771807429e-29	-19285719604539724e-30	188606527009694e-33
0.65	-28.198236700639125	-0.28508418035091054	3961478773450941e-29	-19104599266126307e-30	2623974173024537e-34
0.7	-27.929156076937016	-0.2862842902798941	3352651852279883e-29	-18930195672311923e-30	6980964788152257e-35
0.75	-27.695686667466028	-0.2870079778123465	27868825689610666e-30	-1877260357391996e-29	31766932754147113e-35
0.8	-27.521606084277238	-0.28716018950898825	22709678626919897e-30	-18638589605384173e-30	2220097193460116e-34
0.85	-27.408174868408423	-0.28671806745376005	17404472708096275e-30	-1853151526029728e-29	18739159858313686e-35
0.9	-27.342958635796126	-0.28572862023154627	13075524664626376e-30	-18451790996857947e-30	2755561185092685e-34
0.95	-27.309671675001063	-0.28429620168642156	1141887975489261e-29	-1839751900669055e-29	4078637671877278e-34
1	-27.29452704174748	-0.2825642619645331	10470024656836848e-30	-18365123685200265e-30	3150377374642852e-34
1.05	-27.28836976539359	-0.2806951095352916	7932839589690172e-30	-1834996975855668e-29	2883055534665096e-34
1.1	-27.28613189721173	-0.27885036418728293	7909105873599979e-30	-1834695780412346e-29	3393819290257473e-34
1.15	-27.28540762446181	-0.27717392766092386	742730805237503e-29	-18350970460243434e-30	35248410342157425e-35
1.2	-27.285201762141824	-0.27577872895709427	7608897495708409e-30	-18357401609427353e-30	19590332371491571e-35
1.25	-27.285151849038876	-0.27473807767317604	9904247123847019e-30	-1836239580326952e-29	30709920213174315e-35
1.3	-27.2851408230595	-0.27408203900026107	10736888319496174e-30	-1836309255263619e-29	30958843646258694e-35
1.35	-27.28513509772609	-0.273798774918373	1098396486285366e-29	-183577119540215e-28	36556983581142187e-35
1.4	-27.285126348310158	-0.27384030752173893	14076210971783427e-30	-18345529655195123e-30	27059375270107866e-35
1.45	-27.28511324290224	-0.2741317208879178	12653347331790463e-30	-1832675321221393e-29	3768153883304902e-34
1.5	-27.285096364000278	-0.27458249519816913	1471407080586388e-29	-1830230748831572e-29	4184209453402516e-34
1.55	-27.28507690922011	-0.2750985069477654	1747853754202912e-29	-18273646912576987e-30	38588325503293897e-35
1.6	-27.28505633200071	-0.2755932500933195	20136775203307252e-30	-1824241583316572e-29	37161236376363575e-35
1.65	-27.285036181187287	-0.27599702593596864	22991715194331453e-30	-18210294465194623e-30	3795124033455084e-34
1.7	-27.28501797513244	-0.2762631827369929	26961842467805427e-30	-18178713382011162e-30	39399815440857636e-35
1.75	-27.285003084374146	-0.2763709110533522	27698109289780175e-30	-18148833274599034e-30	37708249781099026e-35
1.8	-27.284992625968915	-0.276324559647723	27126204256481906e-30	-18121383704306622e-30	41321143552154484e-35
1.85	-27.284987377226734	-0.27614987013143333	27749992794199635e-30	-18096705411830563e-30	392164408925295e-33
1.9	-27.284987715980897	-0.2758878830114308	26733979432571126e-30	-18074793130500446e-30	34761819767611767e-35
1.95	-27.284993592480625	-0.2755875031096421	2765800646818941e-29	-18055386000706502e-30	38406105530231965e-35
2	-27.285004535387174	-0.27529780543157345	25494621946013198e-30	-1803807879059976e-29	39194134052741047e-35
2.05	-27.285019691444134	-0.2750611101244694	23074812501985305e-30	-18022423146506327e-30	40030349549642157e-35
2.1	-27.285037895532156	-0.27490767294455565	21991655934961856e-30	-18008061593699386e-30	38619922714762084e-35
2.15	-27.285057765233137	-0.27485255751951937	23598458588610128e-30	-17994702131461183e-30	41721060478545707e-35
2.2	-27.285077811954054	-0.27489492062574716	24356582926093748e-30	-17982288616232228e-30	3850388987732866e-34
2.25	-27.285096559306172	-0.27501959953006805	22816563655901152e-30	-1797083954044962e-29	41211916160462344e-35
2.3	-27.285112658898328	-0.27520058723454177	21195560260818757e-30	-1796058072613163e-29	3772155667251207e-34
2.35	-27.285124994022333	-0.2754057554282818	2046673389200722e-29	-17951650542679487e-30	4032633587040765e-34
2.4	-27.28513276288369	-0.2756020617330067	19447598184262962e-30	-17944275871512952e-30	37862994207436136e-35
2.45	-27.28513553486743	-0.2757604676794775	2172435856847202e-29	-1793852337239205e-29	4074887293293622e-34
2.5	-27.285133275744677	-0.2758598910473815	19407394084645884e-30	-17934420493017977e-30	42004279384418264e-35
2.55	-27.28512634041613	-0.2758897006603906	15726013200121628e-30	-17931516530735975e-30	4893744987574684e-34
2.6	-27.2851154345307	-0.2758505025220248	1468045072310322e-29	-17929531669362995e-30	13955693355791176e-34
2.65	-27.28510154892203	-0.2757532263570944	13470466770644616e-30	-17927796884378094e-30	3981950180912538e-33
2.7	-27.285085872936733	-0.2756167636421358	11055142785906662e-30	-17925578851123746e-30	11123067019313365e-33
2.75	-27.285069694331305	-0.2754645991739288	1112265514595236e-29	-17922097830869505e-30	3043435896251178e-32
2.8	-27.28505429429543	-0.27532099423897194	1098825477801417e-29	-1791660723208185e-29	8157985462730365e-32
2.85	-27.28504084627643	-0.27520730848558644	9556903448543056e-30	-1790847129809462e-29	2142036458783567e-31
2.9	-27.285030326697225	-0.27513899059229685	8399330087494631e-30	-17897230860742932e-30	5509771221359263e-31
2.95	-27.285023444383004	-0.27512363785416694	8355824429501714e-30	-17882656685821838e-30	13844749079352253e-31
3	-27.28502059374988	-0.2751603446395784	8971896402584534e-30	-1786482878049523e-29	3380689812853963e-30
3.05	-27.285021834681263	-0.2752403580271526	9820744422019125e-30	-1784424294255183e-29	8125275913471669e-30
3.1	-27.285026899745986	-0.27534886610375064	9289490866943354e-30	-17821728516869407e-30	19520491439402648e-30
3.15	-27.28503522718432	-0.2754675878297612	9430877902270362e-30	-17798345342087467e-30	4651554254397011e-29
3.2	-27.285046016076926	-0.2755777338538258	10997444558517776e-30	-17775519022998747e-30	1092913013037796e-28
3.25	-27.285058298495088	-0.2756628766694763	8765358717177506e-30	-17755211721530077e-30	25233812818998643e-29
3.3	-27.28507102228584	-0.2757113070140722	1005477441024649e-29	-17740254245489425e-30	5703802919933637e-28
3.35	-27.28508313757426	-0.27571755222236094	11330186179836179e-30	-17735197521092423e-30	12551647714252124e-28
3.4	-27.285093680045016	-0.275682873825693	9965745989353757e-30	-17748041697245956e-30	26745657311678504e-28
3.45	-27.285101844617657	-0.27561472309384677	11388551720298573e-30	-17791352120490333e-30	5522285383786833e-27
3.5	-27.285107044119837	-0.27552528970037893	10589512649182888e-30	-17878674282635654e-30	11132380512020875e-27
3.55	-27.285108948953575	-0.27542940739661304	10826742742904819e-30	-18021328566720902e-30	22211269827923934e-27
3.6	-27.285107505366454	-0.2753421637973539	10200602848348703e-30	-1823510649397188e-29	4388312031400395e-26
3.65	-27.285102931661335	-0.27527658892361473	11632992242091587e-30	-18542975981576564e-30	8415748364918637e-26
3.7	-27.285095693351188	-0.27524176750032536	10067123433541588e-30	-18972976323911514e-30	1519053881238709e-25
3.75	-27.285086459885218	-0.27524164018411734	8055535168858556e-30	-1956080953435807e-29	26509665079000863e-26
3.8	-27.285076047304898	-0.2752746431478227	703767754679786e-30	-20367114214970025e-30	46517671683363695e-26
3.85	-27.285065351009095	-0.2753342025570989	-16906583542706904e-30	-21489110792717325e-30	7950865723832883e-25
3.9	-27.285055274547332	-0.27540997089581026	-5273171740965596e-29	-22942082359389237e-30	13376400486906851e-25
3.95	-27.285046660086593	-0.2754895855079893	-12271789313954258e-29	-2457979659261587e-29	2205412564718056e-24
4	-27.28504022355043	-0.27556066051960193	-26303968941931073e-29	-26182203333755162e-30	35036700296653236e-25
4.05	-27.285036502034075	-0.27561270065219184	-5505663895479339e-28	-27649232880459512e-30	5371282930384207e-24
4.1	-27.285035816077645	-0.2756386509343138	-1144242744456899e-27	-28809616211126e-27	7991771315281897e-24
4.15	-27.285038250541106	-0.2756358637191476	-2094215744600836e-27	-3010581474413847e-29	1165628741202911e-23
4.2	-27.285043657430467	-0.2756063626002297	-21305270705484497e-28	-3272747677743823e-29	169754767671894e-22
4.25	-27.285051683759974	-0.27555639616845357	4218559172231738e-27	-380790703767508e-28	24966393458271797e-24
4.3	-27.285061798619196	-0.2754953832052379	2908703687312235e-26	-462886876701917e-28	3680488808161262e-23
4.35	-27.28507334635566	-0.275434440235004	9163351278949177e-26	-56040475587204086e-30	5446434173094414e-23
4.4	-27.285085674719284	-0.2753847439559048	21325834575426623e-26	-6683120582062818e-29	8209300396729282e-23
4.45	-27.28509828167851	-0.27535600175835784	4051173736110898e-25	-78213679544073e-27	12636938070012306e-23
4.5	-27.28511093316716	-0.27535527857695136	6537210690366457e-25	-8970640052005641e-29	19653483561046418e-23
4.55	-27.285123811593742	-0.2753863686617317	9114286695154015e-25	-10195186528159811e-29	3053756731311216e-22
4.6	-27.285137695160756	-0.27544981591274204	10958010441682057e-25	-1159442928997166e-28	4698079809617078e-22
4.65	-27.285154176635125	-0.27554358319575806	10954224602502394e-25	-13202098689565368e-29	7101622619491006e-22
4.7	-27.285175938389507	-0.27566425971358965	7795655823115918e-25	-14982547768555388e-29	10480243562053943e-22
4.75	-27.28520702269128	-0.27580861061132544	9290855836704011e-27	-17166868475530844e-29	15156382373073502e-22
4.8	-27.28525308528546	-0.27597529233280294	-13565412290495673e-25	-21324621372883161e-29	21729658274262333e-22
4.85	-27.285321742151964	-0.27616659334373006	-34670908655997228e-25	-3115776699246736e-28	3094777390058263e-21
4.9	-27.285422875767118	-0.27638992950828845	-6493085051300957e-24	-5269592371468707e-28	4350121476077109e-21
4.95	-27.28556892985194	-0.27665879211854333	-10637785320750535e-24	-9341092835901163e-28	60129545405390735e-22
5	-27.285775441941368	-0.2769930713870029	-16141140655412426e-24	-15651455991169026e-28	8192198635744953e-21

L= 50  beta= 4.0  t_max= 5.0  steps= 1000  D= 200  prec= 1.0e-20  delta= 0.1  [J0,h0,g0]= [1.0, 1.0, 0.0]
# t 	 E 	 mag_x 	 mag_z 	 corr 	 err
0.05	-62.935672983171315	-0.6324789977653951	-11364520435819259e-29	-0.05168315732036413	3115888801618154e-34
0.1	-63.010984822534226	-0.6325187251385818	-1150572692676377e-28	-0.051675300477574154	3461192086655812e-34
0.15	-63.15790181396366	-0.6326283818411961	-1162091256556863e-28	-0.05166284813828466	3731429030563943e-34
0.2	-63.41289070719053	-0.6328802427362579	-11328438187518941e-29	-0.05164111120791551	4054972560478623e-34
0.25	-63.80429823527295	-0.633393385923047	-1199942922802677e-28	-0.051602008186895226	38706858330450913e-35
0.3	-64.33065855593645	-0.634338859418655	-11619177842092654e-29	-0.05153324642474802	3043514422327388e-34
0.35	-64.94048451530472	-0.6359252576106813	-11507114705544552e-29	-0.0514186326462885	3603327857919442e-34
0.4	-65.52869395459356	-0.6383562707445269	-11688913725826922e-29	-0.05124050284275166	4258878074996693e-34
0.45	-65.9608070507355	-0.6417633298592256	-12011572292358608e-29	-0.05098466634153878	39234546225309843e-35
0.5	-66.1206056010543	-0.6461331070662861	-11627157570082147e-29	-0.05064661063700396	36492983509845306e-35
0.55	-65.95917745165613	-0.6512608668832867	-1175413932852365e-28	-0.05023591685200739	28512989061375623e-35
0.6	-65.51764777106547	-0.6567557967433557	-112791720408012e-27	-0.04977588375072084	3923889287441638e-34
0.65	-64.90946965016786	-0.6621030115325038	-10659528815182284e-29	-0.049298053931114055	21630496707288618e-35
0.7	-64.27252809096137	-0.6667617233649703	-10121764537629474e-29	-0.048834543903329246	3278785857721774e-34
0.75	-63.71846807948204	-0.6702659770150273	-98879238130678e-27	-0.04841185141048329	38198262724805244e-35
0.8	-63.30433608291701	-0.6722990574809988	-9479222962127665e-29	-0.04804791001720608	36944050071432366e-35
0.85	-63.03388578063219	-0.6727282814392391	-86014528832834e-27	-0.047751896396970805	3954464565566932e-34
0.9	-62.8780950400403	-0.6716023636761201	-7992911887910736e-29	-0.04752544285292511	34655890198949055e-35
0.95	-62.79845741005525	-0.6691222181912653	-6979486433245086e-29	-0.04736427058001308	3855370599220483e-34
1	-62.76218778604648	-0.665597532259391	-7265368862086063e-29	-0.0472598440023569	2827816096798103e-34
1.05	-62.74743716173229	-0.6613988655302194	-6743217095817045e-29	-0.04720094414688297	31777881849295116e-35
1.1	-62.74208089192165	-0.6569116274611776	-4745162596186958e-29	-0.04717511962223607	35070999279883e-32
1.15	-62.74035405546975	-0.6524957802615867	-46917331131268725e-30	-0.04716996687774225	3283291992113005e-34
1.2	-62.73986969809384	-0.6484537056456332	-5449460327433542e-29	-0.04717419023885798	3808948218769977e-34
1.25	-62.7397579721086	-0.6450078605931706	-5670464098272987e-29	-0.04717840055144164	35424361224352106e-35
1.3	-62.73973770330798	-0.6422891211167574	-6026429355543428e-29	-0.04717562369028322	33693497684229544e-35
1.35	-62.73972795485651	-0.6403358484587867	-56517290847324375e-30	-0.04716150834043935	3560467890576402e-34
1.4	-62.73970841486701	-0.6391027413859371	-50112691774018003e-30	-0.04713424628437767	35275187390765703e-35
1.45	-62.739675637022934	-0.6384776135758539	-6073613834089997e-29	-0.04709424507792233	3910127744838365e-34
1.5	-62.73963090519321	-0.6383035157245702	-696491475604688e-28	-0.04704361681174338	3850985025736991e-34
1.55	-62.73957713890104	-0.6384032193926164	-6672440377997191e-29	-0.04698556168521292	40496413271931307e-35
1.6	-62.73951803581795	-0.6386030432773295	-6617623116156324e-29	-0.0469237299280584	348781375562158e-33
1.65	-62.73945767879336	-0.6387533238057118	-652811138479592e-28	-0.04686163929325792	40867591977067744e-35
1.7	-62.739400215703995	-0.6387434533886593	-7117223477237644e-29	-0.046802209801512895	3959845609353725e-34
1.75	-62.739349551483244	-0.6385102380403038	-8611861224139261e-29	-0.04674745605739458	3849257347143291e-34
1.8	-62.739309061224006	-0.6380392466451112	-9122563815466833e-29	-0.046698353383760306	3700247469345195e-34
1.85	-62.73928134475017	-0.637359716804706	-8867212519803047e-29	-0.04665487030763401	4055224736417878e-34
1.9	-62.73926804189455	-0.6365343369708305	-91100738064398e-27	-0.046616141085970716	3979588930240019e-34
1.95	-62.73926972309048	-0.6356457553035215	-8704495457756423e-29	-0.046580735701781215	40733682578820063e-35
2	-62.739285863698825	-0.6347819198577486	-868229099726392e-28	-0.04654697826301851	3936453053702562e-34
2.05	-62.73931490353634	-0.6340223184523296	-8558778685774371e-29	-0.046513262510244416	41695590901922685e-35
2.1	-62.7393543860008	-0.6334268844945706	-8065423329206567e-29	-0.04647831920824179	3823271277112852e-34
2.15	-62.739401164631786	-0.6330288248581994	-8449144162092637e-29	-0.04644140105421027	4114651743375701e-34
2.2	-62.739451659492495	-0.6328319891334472	-8366224379940945e-29	-0.04640236554785837	411709735895565e-33
2.25	-62.739502141845264	-0.6328127293597781	-8151465613615017e-29	-0.046361652590625066	41821419677137954e-35
2.3	-62.739549023623326	-0.6329255875444105	-7933931289727525e-29	-0.04632016912130364	4252025246103113e-34
2.35	-62.73958912819954	-0.6331116731510128	-6780687122898144e-29	-0.04627910563749535	42031380117842837e-35
2.4	-62.73961992103483	-0.6333083093119523	-742496342187593e-28	-0.04623971717091903	41881046781004535e-35
2.45	-62.739639682570164	-0.6334584603659199	-767025332137905e-28	-0.04620310449186006	4122145628496394e-34
2.5	-62.73964761098628	-0.6335185988310106	-6895872761703004e-29	-0.04617002820039655	4274029935953962e-34
2.55	-62.73964384857665	-0.6334639927884773	-55382781694035543e-30	-0.04614078135557135	4194964558362406e-34
2.6	-62.73962943198224	-0.6332908382211772	-5103903411018962e-29	-0.046115136231371104	5068214998395072e-34
2.65	-62.73960617284021	-0.6330151551871972	-5748526654691943e-29	-0.04609236903280084	10961425460032325e-34
2.7	-62.73957648090211	-0.6326688390288836	-6658215645494181e-29	-0.04607135511928578	25750864934287227e-34
2.75	-62.73954314603627	-0.6322936427804737	-7076284003204591e-29	-0.046050717640101865	6368543413013988e-33
2.8	-62.73950909832247	-0.6319341153642326	-5882794251732548e-29	-0.046029005915972664	1615784176010794e-32
2.85	-62.73947716654085	-0.631630605056614	-6950343078848675e-29	-0.04600487702349928	38962833261204426e-33
2.9	-62.739449854742716	-0.6314133568367944	-5948366799124472e-29	-0.045977255093923086	7340410259825735e-32
2.95	-62.739429154319595	-0.6312985071193513	-7531475443300906e-29	-0.04594544745840953	16608846561892506e-32
3	-62.73941640542809	-0.6312864509608929	-615792139502247e-28	-0.04590920423590771	33139947706258113e-32
3.05	-62.73941221702658	-0.6313626786019811	-6362618765187733e-29	-0.04586871686245028	6265840320775967e-31
3.1	-62.739416449643855	-0.6315008078875441	-6965261700742076e-29	-0.04582456001636986	8893164749457327e-31
3.15	-62.739428259754575	-0.6316672301560813	-6784156569850097e-29	-0.04577758925416746	1027213283069196e-30
3.2	-62.73944619969066	-0.631826581314072	-6426109644408484e-29	-0.045728812115549564	16699708926880722e-31
3.25	-62.73946836281024	-0.631947171552753	-55757481964846534e-30	-0.04567925388397476	276142443540505e-29
3.3	-62.73949256042454	-0.6320055611922393	-52138848793958914e-30	-0.04562983599400662	47493441923766715e-31
3.35	-62.73951651500079	-0.6319896415628079	-4740999259844614e-29	-0.04558128470213316	8179207382533429e-30
3.4	-62.73953805350189	-0.6318998373274761	-43413189709795574e-30	-0.04553408021296785	126181198450459e-28
3.45	-62.73955528533561	-0.6317483478137007	-4370462325375968e-29	-0.045488447439845786	17436068947161753e-30
3.5	-62.73956675122578	-0.631556643012563	-4584874147006701e-29	-0.04544439209445608	2236867971854021e-29
3.55	-62.73957153213354	-0.6313516808906147	-51833537462186996e-30	-0.045401759364983946	26566249255822064e-30
3.6	-62.73956931088071	-0.6311614815675815	-46341402937244425e-30	-0.04536031775323719	3593690783672731e-29
3.65	-62.73956038309434	-0.6310107595531786	-5124026203340293e-29	-0.04531984418108666	574158800489918e-28
3.7	-62.73954561816144	-0.6309172727041875	-561113655539458e-28	-0.04528019390017103	9992243452995724e-29
3.75	-62.73952637472367	-0.6308894072380505	-6718584022458174e-29	-0.045241340615690406	17001093239088914e-29
3.8	-62.73950437862973	-0.6309253072763692	-5597605712281961e-29	-0.045203392902543556	2683305429883868e-28
3.85	-62.73948157391325	-0.6310136097760775	-6221412274243221e-29	-0.04516660097468529	3997485317163312e-28
3.9	-62.73945995916504	-0.6311356000829298	-8563982856202301e-29	-0.04513130747101603	6193326477588725e-28
3.95	-62.73944142243272	-0.6312683964648736	-817436396349791e-28	-0.045097884179671255	7417186639323257e-28
4	-62.73942758765622	-0.6313886332193188	-8685413499520678e-29	-0.04506661718002792	10470106052237517e-28
4.05	-62.739419684391734	-0.6314760593481645	-10030171138097899e-29	-0.04503763144531957	15537239753126206e-28
4.1	-62.739418450612526	-0.6315165075158838	-10388565008234707e-29	-0.045010853627382025	19888749535702596e-28
4.15	-62.739424075726525	-0.63150380665805	-11936285293501214e-29	-0.044985981375369924	26535752345798034e-28
4.2	-62.73943618771989	-0.6314403900472705	-10965534036344593e-29	-0.04496255501066054	3800766343817023e-27
4.25	-62.739453884775195	-0.6313365593242692	-11505379982068575e-29	-0.044939900835346214	48671143960000655e-28
4.3	-62.739475808729395	-0.6312085713175073	-10968656538601351e-29	-0.044917211009815036	6578905814381499e-27
4.35	-62.73950025401924	-0.6310758873285762	-8147996166663063e-29	-0.04489361759289673	8327932093090685e-27
4.4	-62.73952530345203	-0.6309580388323861	-7620987174661309e-29	-0.04486828175532821	9414093521212783e-27
4.45	-62.739548980395	-0.6308716045524464	-565901492333154e-28	-0.044840482310050764	11369078300932602e-27
4.5	-62.7395694050033	-0.6308277579605798	-16868451080398472e-30	-0.044809683720702785	15066066003646112e-27
4.55	-62.73958494238325	-0.6308307395275856	34182726094122984e-30	-0.044775583381225115	20633652125331846e-27
4.6	-62.739594331395324	-0.6308774534335935	13794347608619972e-29	-0.044738143068113606	285903335963682e-25
4.65	-62.73959678403635	-0.6309582091402017	2804301929559827e-28	-0.044697574619385456	40607258500853133e-27
4.7	-62.73959204760296	-0.6310584522295202	5256177437740206e-28	-0.04465427870094297	5688330766312337e-26
4.75	-62.73958042486912	-0.6311611828801016	8610404056419441e-28	-0.04460879627734331	7443710671048894e-26
4.8	-62.73956275118602	-0.6312496656353894	13547340332875635e-28	-0.044561746347930725	9560811095977074e-26
4.85	-62.73954032999219	-0.6313100038107398	2026660089748944e-27	-0.04451381760991724	1208798473193235e-25
4.9	-62.73951483195876	-0.6313331873523682	2891728523302106e-27	-0.044465677082594475	15690829366695063e-26
4.95	-62.73948816515794	-0.6313163172482026	3958318048336018e-27	-0.044417926416237936	19881027321374534e-26
5	-62.73946232682823	-0.6312628455142434	52070708855822545e-28	-0.044370983233044566	23241068006044962e-26

L= 50  beta= 8.0  t_max= 5.0  steps= 1000  D= 200  prec= 1.0e-20  delta= 0.1  [J0,h0,g0]= [1.0, 1.0, 0.0]
# t 	 E 	 mag_x 	 mag_z 	 corr 	 err
0.05	-63.251785016945036	-0.6356178420902968	-2551431288466688e-29	-0.14841262322588836	41392983926095407e-35
0.1	-63.32800096136882	-0.6356586123937265	-25070223674816816e-30	-0.14839684731806768	4072358687316515e-34
0.15	-63.476657312617846	-0.6357702913299736	-7591149930874508e-30	-0.1483675827404743	42433906977198933e-35
0.2	-63.73464665515111	-0.6360262591471293	6238065619612598e-30	-0.14831123450553388	39745041084741115e-35
0.25	-64.13064710215653	-0.6365475107547136	12587153541687712e-30	-0.14820446013069455	39786678420193894e-35
0.3	-64.66317635149971	-0.6375080032828739	6050715484207103e-30	-0.14801180951813125	4130091967828835e-34
0.35	-65.28014671687066	-0.6391201745638329	17312540290248535e-30	-0.14768660885993123	39773969054067807e-35
0.4	-65.87524835949097	-0.6415920583131954	16632528687665626e-30	-0.14717794011555546	37403280697502873e-35
0.45	-66.31242551369834	-0.6450591135947693	34659775050016606e-30	-0.14644485797220724	4149186300105734e-34
0.5	-66.47408708608585	-0.6495107304611003	3797656633608426e-29	-0.1454742439700269	36326330182603193e-35
0.55	-66.3107220136131	-0.6547427706035964	3490263633665336e-29	-0.14429352457267103	3144781426709049e-34
0.6	-65.8639040759349	-0.6603626184100132	2248201624865942e-29	-0.14296961184363022	33481305519317993e-35
0.65	-65.24839352250578	-0.6658515645800334	29851121574608896e-30	-0.1415931763446777	40196990004652896e-35
0.7	-64.60369818892242	-0.6706638418480729	14099832412739488e-30	-0.1402565929326276	38426297266151607e-35
0.75	-64.042810716285	-0.6743283512613201	2205874372052108e-29	-0.139036128438124	37987337886045796e-35
0.8	-63.62350110371015	-0.6765238414368675	22364055052292997e-30	-0.13798346940634504	3910041445201849e-34
0.85	-63.34961326206728	-0.6771140836065537	17812140651329855e-30	-0.13712517068392005	3035142470295895e-34
0.9	-63.19180652813215	-0.6761452630859297	23328561304936102e-30	-0.13646614742237512	34743991648658396e-35
0.95	-63.111119964569454	-0.6738165916459231	25375535006588734e-30	-0.13599437305274142	37388599184685882e-35
1	-63.07436678923278	-0.6704366325198476	40342729157316626e-30	-0.1356856296624095	34618646051171265e-35
1.05	-63.05942193696494	-0.666375187741518	3722022690055837e-29	-0.13550801821749361	3988529373708739e-34
1.1	-63.054002936880494	-0.6620171341849845	26742497105658458e-30	-0.13542611186002812	3809833289346296e-34
1.15	-63.05226734185932	-0.6577220475295681	29358460107431483e-30	-0.1354046161459585	4043836841790556e-34
1.2	-63.05179466111803	-0.6537920305651286	3468059173172833e-29	-0.1354113959003731	422837126270641e-33
1.25	-63.05170179611629	-0.6504493514488152	4155703559050039e-29	-0.1354197515114109	39601137452167015e-35
1.3	-63.051702378158296	-0.6478247785865188	49661663670264033e-30	-0.13540986353222906	41450807947895515e-35
1.35	-63.05171309528673	-0.6459566404747379	6895872761703004e-29	-0.13536937595770976	38249007985964893e-35
1.4	-63.051712189459636	-0.6447996718202853	7067263441129512e-29	-0.13529315729006788	39585494772451295e-35
1.45	-63.05169513323255	-0.6442417843651074	6688399833976177e-29	-0.13518235470541046	42022429431648146e-35
1.5	-63.05166237322668	-0.6441261821706843	5880712583561376e-29	-0.1350429241623498	41100968073601935e-35
1.55	-63.051616234997596	-0.6442758386956615	5700301342059788e-29	-0.13488386271578268	4032006610566416e-34
1.6	-63.0515600845048	-0.6445173166550817	6532274721138265e-29	-0.13471538273494837	39546243040887504e-35
1.65	-63.051497945909446	-0.6447012327597672	48933079810353775e-30	-0.13454724903224585	40987120623565174e-35
1.7	-63.051434177490606	-0.6447172907591443	5420663917732327e-29	-0.13438745562977508	4110876271010295e-34
1.75	-63.05137314438804	-0.6445026344541629	49328596762876487e-30	-0.1342413573362442	409464186743005e-33
1.8	-63.05131889844198	-0.6440431928299757	3962802308521418e-29	-0.1341113021729193	3887779466617229e-34
1.85	-63.05127488784848	-0.6433685820460866	2868538739875248e-29	-0.13399674375268228	4078676232688252e-34
1.9	-63.05124371888084	-0.6425418837786727	311972669919669e-28	-0.13389475537048312	39878041136664397e-35
1.95	-63.05122698773084	-0.6416461501680877	14183099139586375e-30	-0.1338008250987447	41193189743303804e-35
2	-63.051225194529366	-0.6407697398517355	-12281842209915794e-31	-0.13370978862596553	682597135612143e-33
2.05	-63.05123774463979	-0.6399925534011262	-39621084191310274e-31	-0.13361675235273796	14728966252580526e-34
2.1	-63.05126303498173	-0.6393749345010618	-11199374760906267e-30	-0.13351787556248862	3332986722799074e-33
2.15	-63.051298616166065	-0.6389504931255059	-12649603586822877e-30	-0.13341091222122958	7153470179627206e-33
2.2	-63.0513414151246	-0.6387234702571349	-3947536741932822e-29	-0.13329545530777903	144083763067676e-31
2.25	-63.05138799831616	-0.638670593528393	-4545669396449625e-29	-0.13317287402766737	26687433709224848e-33
2.3	-63.051434852777845	-0.6387467613526072	-5215272658176673e-29	-0.1330459790490416	40596061455920624e-33
2.35	-63.051478661510075	-0.638893417953696	-6190187251675638e-29	-0.1329184871717605	54265138699860234e-33
2.4	-63.05151655094666	-0.6390481981954534	-4738570646978246e-29	-0.13279438057778054	660768849239385e-31
2.45	-63.0515462913748	-0.6391543548594909	-4428402089473593e-29	-0.13267726156742765	10403389239597548e-32
2.5	-63.05156643582026	-0.6391686264182563	-503971864240782e-28	-0.13256980043211852	17220209361390802e-32
2.55	-63.05157638862249	-0.6390665261096264	-532768273941997e-28	-0.13247334869172783	21023484508929379e-32
2.6	-63.05157640118907	-0.638844476603271	-5603156827405087e-29	-0.13238776400274072	32954249266145046e-32
2.65	-63.051567498620344	-0.6385187088315427	-5192374308293779e-29	-0.13231145905741915	4391859050131218e-31
2.7	-63.05155134654309	-0.6381213158628187	-7801398416162897e-29	-0.13224165329118376	6660573051297606e-31
2.75	-63.051530072104356	-0.6376942376829664	-7643885524544203e-29	-0.13217477935777838	11785519074543045e-31
2.8	-63.05150605628246	-0.6372822012383392	-637406794012918e-28	-0.13210697806058114	19625690289031095e-31
2.85	-63.051481716307876	-0.6369257250730664	-6052797152378275e-29	-0.13203460529800762	3356935519634607e-30
2.9	-63.05145929691814	-0.6366552171252451	-47781223422305175e-30	-0.13195467914041267	3954899300506142e-30
2.95	-63.05144068756867	-0.6364869692379533	-1907501934184097e-29	-0.1318652092625841	46572926029677365e-31
3	-63.05142727970056	-0.6364215236162011	-11574075031717257e-30	-0.13176536722026333	7021701261345267e-30
3.05	-63.05141987417596	-0.6364445082953514	-14238610290817633e-30	-0.13165548543358854	10211972101865254e-30
3.1	-63.05141864428041	-0.6365296683970662	-9048317650695026e-30	-0.13153690120851858	12916945129040396e-30
3.15	-63.05142315482096	-0.6366435109922755	-24029389589230732e-30	-0.1314116768426824	16955913210753378e-30
3.2	-63.051432433137066	-0.6367507754787363	-26229018956769323e-31	-0.13128224854833204	2342733356851721e-29
3.25	-63.05144508371136	-0.6368198630590903	-7632783294297951e-31	-0.131151059466125	2870363975849652e-29
3.3	-63.05145943483606	-0.636827412856332	-56343818499726694e-31	-0.13102022902526253	36050603484893147e-30
3.35	-63.0514737036358	-0.6367613835494939	16028844918025698e-30	-0.13089131655676695	4889562522738912e-29
3.4	-63.05148616482732	-0.6366222568362266	25375535006588734e-30	-0.13076519626741778	6669139214032884e-29
3.45	-63.051495308867516	-0.6364222801411616	3141237270298802e-29	-0.1306420552845913	9463464915116994e-29
3.5	-63.05149997659653	-0.6361829640558423	44346470939871097e-30	-0.13052150589756895	14026171082520228e-29
3.55	-63.05149945985684	-0.6359313009867136	2999683834659095e-29	-0.13040278344667233	20633186874639298e-29
3.6	-63.05149356070608	-0.6356953404243817	37816971776294395e-31	-0.13028499247672592	2889808032138438e-28
3.65	-63.05148260542033	-0.6354998219372048	-17763568394002505e-30	-0.13016735614760636	41593964413237205e-29
3.7	-63.05146741323385	-0.6353625245230294	-16257828416854636e-30	-0.13004942667087355	5673243643321084e-28
3.75	-63.05144922336952	-0.6352918516830866	23953061756287752e-30	-0.12993122197447698	7537694678685334e-28
3.8	-63.05142958714422	-0.6352859607778887	9195422201457859e-29	-0.12981326824886968	10055050597048364e-28
3.85	-63.05141023451386	-0.6353334976559372	22476465133536294e-29	-0.1296965456972466	12497208257866873e-28
3.9	-63.05139292625471	-0.6354157519175672	4421393806630647e-28	-0.12958234837654808	14881092587737868e-28
3.95	-63.051379303886705	-0.6355098413022571	7285977376980668e-28	-0.12947208507285374	17477666767524955e-28
4	-63.051370749402125	-0.6355923949105059	10664247263036941e-28	-0.12936705236126778	20318833194922283e-28
4.05	-63.05136826595229	-0.6356431522818338	1458666520903762e-27	-0.1292681746886879	24003702704176783e-28
4.1	-63.05137238885441	-0.6356479330233596	1856577391823322e-27	-0.12917575182107865	30425215320994007e-28
4.15	-63.05138313387107	-0.6356005503213321	22268575872175234e-28	-0.12908944031169806	4169102694931506e-27
4.2	-63.051399986760806	-0.6355034200379245	24720850366755087e-28	-0.12900823599973305	5967151985037283e-27
4.25	-63.05142193492708	-0.6353668257834764	24801827258613685e-28	-0.1289305397554408	8546066753848727e-27
4.3	-63.051447538711365	-0.6352070066714426	2036454338494309e-27	-0.12885430574132192	11884152719304213e-27
4.35	-63.05147503684924	-0.6350434072585036	8919254224082351e-28	-0.12877723662780605	15469892146692964e-27
4.4	-63.05150247800757	-0.634895543582884	-1212654976434635e-27	-0.12869701033085063	1872820368372621e-26
4.45	-63.05152786837118	-0.6347799802083802	-4572647815948017e-27	-0.12861152049293517	22438552528841924e-27
4.5	-63.0515493237741	-0.634707877343819	-9423586910806137e-27	-0.12851910874175743	27225588288988978e-27
4.55	-63.051565214746944	-0.6346834625086726	-15776283057711282e-27	-0.12841869486941832	33838963156452836e-27
4.6	-63.05157429306628	-0.6347036266052279	-23431978579679935e-27	-0.12830982493043416	4117823453950799e-26
4.65	-63.051575790192715	-0.6347586647477774	-3183792812722075e-26	-0.1281926482540826	47000237653084614e-27
4.7	-63.05156947997992	-0.6348340062023181	-40253578248439226e-27	-0.12806782569660363	4984888844206062e-26
4.75	-63.05155570066778	-0.6349126320331959	-47689074911261287e-27	-0.12793638290387355	53277348949085454e-27
4.8	-63.05153533398717	-0.634977784853052	-5256692303667876e-26	-0.12779953195732952	6168317284516375e-26
4.85	-63.05150974283413	-0.6350155440040417	-52704174358098044e-27	-0.1276584875276745	7691362917262738e-26
4.9	-63.05148067245531	-0.6350168746765357	-4529086827798068e-26	-0.12751431229103657	1002509797204716e-25
4.95	-63.05145012261413	-0.6349788538607817	-27298392712982178e-27	-0.127367803579645	13310851298445762e-26
5	-63.051420200437846	-0.6349049125328154	22949697697782767e-28	-0.12721943356861626	17643018144578345e-26

