# L= 50  D= [200]  t_max= 8.0  steps= 1000
t 	  beta= [0.3, 0.1, 0.01]
0.008	-0.275874804408436	-0.09901316575936224	-0.009999001990404672
0.016	-0.2758749738549213	-0.09901322454307185	-0.009999007899296775
0.032	-0.2758757427607226	-0.09901349254001135	-0.009999034855198576
0.048	-0.2758772556394195	-0.09901402088249948	-0.009999088011585923
0.064	-0.27587976657393226	-0.09901489856347268	-0.009999176325639026
0.08	-0.27588359728628437	-0.09901623824425537	-0.009999311136473121
0.096	-0.2758891510552756	-0.09901818112114565	-0.009999506654851473
0.112	-0.2758969279700441	-0.09902090225760932	-0.009999780499733778
0.128	-0.2759075411481212	-0.09902461625145055	-0.01000015426850126
0.144	-0.27592173336040243	-0.09902958304107795	-0.01000065412113567
0.16	-0.2759403933000024	-0.09903611358296403	-0.010001311351378106
0.176	-0.2759645705179712	-0.0990445750574288	-0.010002162910352075
0.192	-0.2759954878415601	-0.09905539518729518	-0.010003251840820298
0.208	-0.2760345499092201	-0.09906906519042341	-0.01000462757386476
0.224	-0.27608334632257675	-0.09908614084040565	-0.010006346035062032
0.24	-0.2761436478533512	-0.0991072410880231	-0.010008469505060702
0.256	-0.27621739417565205	-0.09913304370779609	-0.010011066180641879
0.272	-0.27630667174233237	-0.09916427748623975	-0.010014209387619386
0.288	-0.2764136807031705	-0.09920171056671756	-0.01001797640682656
0.304	-0.27654069017954414	-0.09924613471240644	-0.010022446889212652
0.32	-0.2766899817609285	-0.09929834544243088	-0.01002770085555011
0.336	-0.27686378175539406	-0.09935911823056996	-0.010033816299860722
0.352	-0.27706418347843137	-0.09942918122008908	-0.010040866442258477
0.368	-0.27729306165598755	-0.0995091851862002	-0.010048916704898216
0.384	-0.27755198179191837	-0.09959967174938729	-0.010058021512070548
0.4	-0.2778421080416036	-0.09970104108538669	-0.010068221039899483
0.416	-0.2781641136748264	-0.0998135205671712	-0.010079538060195502
0.432	-0.27851809853892695	-0.09993713588881405	-0.010091975034506881
0.448	-0.27890351799680496	-0.10007168624253214	-0.010105511616593255
0.464	-0.27931912758197147	-0.10021672503762495	-0.01012010271318972
0.48	-0.2797629470781374	-0.10037154746117771	-0.010135677233913147
0.496	-0.2802322469159523	-0.10053518589312344	-0.010152137632221534
0.512	-0.28072355873485155	-0.10070641382039619	-0.010169360302288186
0.528	-0.2812327107579352	-0.10088375847269522	-0.010187196854118336
0.544	-0.28175488736407023	-0.1010655219579538	-0.010205476244498291
0.56	-0.28228471101176644	-0.10124981024363319	-0.010224007697858088
0.576	-0.282816343568156	-0.10143456894327287	-0.010242584312193893
0.592	-0.28334360320266977	-0.10161762455434596	-0.010260987213663822
0.608	-0.2838600923758284	-0.10179672957323398	-0.010278990101295345
0.624	-0.28435933211831393	-0.10196960979627587	-0.010296364011480591
0.64	-0.28483489775556164	-0.10213401210284184	-0.010312882130658325
0.656	-0.2852805514645304	-0.10228775109857219	-0.010328324492862096
0.672	-0.2856903675078159	-0.10242875315880977	-0.010342482415111582
0.688	-0.2860588466193021	-0.1025550966337637	-0.010355162545965912
0.704	-0.2863810167523481	-0.10266504723614717	-0.01036619042862443
0.72	-0.2866525181850671	-0.10275708790738734	-0.01037541350772106
0.736	-0.2868696717529104	-0.10282994273093601	-0.010382703536369874
0.752	-0.2870295297017758	-0.10288259471502101	-0.010387958365577219
0.768	-0.2871299092927162	-0.10291429749101848	-0.010391103120672917
0.784	-0.28716940982114764	-0.10292458116031998	-0.010392090788210618
0.8	-0.2871474141300906	-0.1029132526688101	-0.010390902251510492
0.816	-0.2870640759984345	-0.1028803911940799	-0.010387545823684945
0.832	-0.28692029497897337	-0.10282633909877484	-0.010382056333881437
0.848	-0.2867176803598873	-0.10275168903867754	-0.010374493826016823
0.864	-0.2864585059431849	-0.10265726782159203	-0.010364941930029627
0.88	-0.28614565729151525	-0.10254411759898176	-0.010353505964284878
0.896	-0.28578257300760745	-0.10241347494237166	-0.010340310824735277
0.912	-0.2853731814939548	-0.10226674831625415	-0.010325498712424216
0.928	-0.2849218345077373	-0.10210549441327063	-0.010309226746277201
0.944	-0.28443323868836307	-0.10193139376966341	-0.010291664503308935
0.96	-0.28391238610076286	-0.10174622603225102	-0.010272991523735932
0.976	-0.2833644847125572	-0.10155184520455046	-0.010253394814012272
0.992	-0.2827948896109082	-0.10135015516036922	-0.010233066376916627
1.008	-0.2822090356667714	-0.10114308567873043	-0.010212200794310228
1.024	-0.2816123722703938	-0.10093256922439728	-0.010190992885221725
1.04	-0.2810103006909549	-0.10072051867307677	-0.01016963545937396
1.056	-0.2804081145531721	-0.10050880615897445	-0.010148317184094044
1.072	-0.2798109438722138	-0.10029924320379008	-0.010127220580690774
1.088	-0.2792237030425388	-0.1000935622697301	-0.010106520164695964
1.104	-0.27865104313414185	-0.09989339986374646	-0.010086380742824327
1.12	-0.2780973088087754	-0.099700281305241	-0.01006695587798513
1.136	-0.2775665001274499	-0.09951560725437202	-0.010048386532144677
1.152	-0.2770622394774748	-0.09934064208235543	-0.010030799895262186
1.168	-0.27658774380185025	-0.09917650414855468	-0.01001430840681708
1.184	-0.27614580226550023	-0.09902415803153224	-0.009999008974685922
1.2	-0.27573875944176085	-0.09888440874269906	-0.009984982394235613
1.216	-0.2753685040490714	-0.09875789793177864	-0.00997229296854901
1.232	-0.27503646321254677	-0.09864510207335707	-0.009960988328665767
1.248	-0.27474360216894184	-0.09854633260344399	-0.009951099450688377
1.264	-0.2744904292772112	-0.09846173795474339	-0.00994264086453781
1.28	-0.27427700614149814	-0.09839130741937592	-0.009935611047140679
1.296	-0.2741029625998288	-0.09833487674855357	-0.009929992990880314
1.312	-0.2739675162810042	-0.09829213538054433	-0.009925754936313988
1.328	-0.27386949638495545	-0.0982626351712989	-0.00992285125644622
1.344	-0.2738073712989645	-0.09824580048686242	-0.009921223478302382
1.36	-0.27377927962430426	-0.09824093950319653	-0.009920801426199924
1.376	-0.273783064155523	-0.09824725654754742	-0.009921504469936383
1.392	-0.27381630832829895	-0.09826386530622849	-0.00992324286019832
1.408	-0.27387637463181297	-0.09828980271668147	-0.009925919132780509
1.424	-0.2739604444681496	-0.09832404335704469	-0.009929429562738208
1.44	-0.2740655589345139	-0.09836551414424471	-0.009933665649381352
1.456	-0.27418866000392417	-0.0984131091518248	-0.009938515613036346
1.472	-0.2743266315866977	-0.09846570436129261	-0.009943865884768628
1.488	-0.2744763399678943	-0.09852217216568661	-0.00994960257075471
1.504	-0.2746346731351842	-0.0985813954511516	-0.009955612873712927
1.52	-0.27479857853647754	-0.0986422810915485	-0.009961786454745533
1.536	-0.27496509883714937	-0.09870377270228194	-0.009968016720053038
1.552	-0.27513140528196955	-0.09876486251241819	-0.009974202018326052
1.568	-0.27529482830664564	-0.09882460222871119	-0.009980246736037758
1.584	-0.2754528850873515	-0.09888211278095295	-0.009986062279514402
1.6	-0.2756033037633357	-0.09893659285504847	-0.009991567934338802
1.616	-0.2757440441169105	-0.09898732613807298	-0.009996691594462901
1.632	-0.27587331454604636	-0.09903368721803012	-0.010001370355278929
1.648	-0.27598958521695	-0.09907514609987995	-0.010005550966786623
1.664	-0.27609159733644	-0.09911127131838604	-0.010009190144927665
1.68	-0.27617836853611333	-0.09914173164716288	-0.010012254741059073
1.696	-0.2762491944114487	-0.09916629642173522	-0.010014721771388735
1.712	-0.2763036463085368	-0.09918483451228143	-0.010016578310014889
1.728	-0.2763415654983075	-0.09919731199868351	-0.010017821250916523
1.744	-0.27636305392247784	-0.09920378861643551	-0.010018456945847715
1.76	-0.27636846173638907	-0.09920441305663305	-0.010018500726576512
1.776	-0.2763583719108832	-0.09919941721649277	-0.010017976321237076
1.792	-0.2763335821881154	-0.09918910950850261	-0.010016915175747789
1.808	-0.27629508471417574	-0.09917386734627352	-0.010015355692239302
1.824	-0.2762440436944709	-0.09915412893327709	-0.010013342397271167
1.84	-0.27618177143562234	-0.0991303844869287	-0.010010925053237233
1.856	-0.27610970315024325	-0.09910316703478361	-0.010008157726786338
1.872	-0.2760293709080226	-0.09907304292199266	-0.010005097828339155
1.888	-0.2759423771183299	-0.09904060216955703	-0.010001805136805741
1.904	-0.27585036792600837	-0.09900644882144699	-0.00999834082345951
1.92	-0.27575500689330007	-0.09897119141526636	-0.009994766488577984
1.936	-0.27565794932723436	-0.09893543370601646	-0.009991143223942048
1.952	-0.2755608175935596	-0.09889976576570013	-0.009987530713591685
1.968	-0.27546517773571455	-0.09886475557316073	-0.009983986384389234
1.984	-0.2753725176908903	-0.09883094119878119	-0.009980564616953534
2	-0.27528422736531827	-0.09879882367771613	-0.009977316026413953
2.016	-0.2752015807980771	-0.09876886065324737	-0.009974286821218105
2.032	-0.27512572060733403	-0.09874146085896658	-0.009971518246914184
2.048	-0.2750576448757737	-0.09871697949491541	-0.009969046120458788
2.064	-0.27499819659334684	-0.09869571453872658	-0.009966900459177397
2.08	-0.2749480557361421	-0.09867790401854315	-0.00996510520705865
2.096	-0.27490773402062546	-0.09866372426009305	-0.009963678059604809
2.112	-0.2748775723332805	-0.09865328910609913	-0.009962630387038405
2.128	-0.274857740797364	-0.09864665009232731	-0.00996196725424009
2.144	-0.274848241401612	-0.09864379755124222	-0.00996168753446386
2.16	-0.27484891308074844	-0.09864466260161582	-0.009961784112594149
2.176	-0.2748594391050398	-0.09864911997069156	-0.009962244172519844
2.192	-0.274879356606343	-0.09865699158479012	-0.009963049562122971
2.208	-0.2749080680413585	-0.09866805085469768	-0.009964177228407941
2.224	-0.2749448543697249	-0.09868202757386267	-0.009965599714476053
2.24	-0.2749888897049766	-0.09869861334055405	-0.009967285709327294
2.256	-0.2750392571809774	-0.09871746740960108	-0.009969200640952428
2.272	-0.27509496576493014	-0.09873822287539073	-0.009971307302742377
2.288	-0.2751549677407594	-0.09876049308527263	-0.009973566503019787
2.304	-0.2752181765835618	-0.0987838781815926	-0.009975937727390105
2.32	-0.27528348494682314	-0.09880797167109934	-0.009978379803666042
2.336	-0.27534978248917286	-0.09883236692248983	-0.009980851559334114
2.352	-0.2754159732763582	-0.09885666349625351	-0.009983312461869367
2.368	-0.27548099250675434	-0.09888047321573769	-0.009985723232689231
2.384	-0.2755438223247487	-0.09890342589431333	-0.009988046426150664
2.4	-0.2756035065054883	-0.0989251746406318	-0.00999024696570029
2.416	-0.27565916381638134	-0.09894540067203833	-0.009992292630125556
2.432	-0.2757099998850597	-0.09896381757518359	-0.009994154483744855
2.448	-0.27575531742981535	-0.09898017496249326	-0.009995807245362389
2.464	-0.2757945247363907	-0.09899426148341378	-0.009997229591849692
2.48	-0.2758271422939673	-0.09900590715992383	-0.00999840439328023
2.496	-0.2758528075329169	-0.09901498502664025	-0.009999318877646124
2.512	-0.27587127763668035	-0.09902141206677091	-0.009999964724292128
2.528	-0.2758824304298991	-0.09902514944592178	-0.010000338086285598
2.544	-0.2758862633738766	-0.0990262020563601	-0.010000439543016765
2.56	-0.27588289072838157	-0.0990246173944327	-0.010000273985342926
2.576	-0.2758725389652963	-0.09902048380346604	-0.0099998504365615
2.592	-0.2758555405442476	-0.09901392812333322	-0.009999181813403544
2.608	-0.27583232618279385	-0.0990051127960545	-0.00999828463204402
2.624	-0.2758034157738107	-0.09899423248391474	-0.009997178664868383
2.64	-0.27576940811999395	-0.09898151026286042	-0.009995886554353189
2.656	-0.27573096966978966	-0.09896719345902641	-0.009994433390935647
2.672	-0.2756888224504158	-0.09895154920029066	-0.00999284626215741
2.688	-0.2756437314017273	-0.09893485975756398	-0.009991153780650304
2.704	-0.2755964913196252	-0.09891741775221068	-0.009989385598691777
2.72	-0.27554791361929454	-0.09889952130645796	-0.009987571917122575
2.736	-0.2754988131269845	-0.09888146921293169	-0.009985742996320539
2.752	-0.275449995104328	-0.09886355619765028	-0.009983928676756756
2.768	-0.27540224270145863	-0.09884606834782719	-0.009982157916353535
2.784	-0.27535630502459146	-0.09882927877190759	-0.009980458351458471
2.8	-0.27531288599058285	-0.09881344355433049	-0.009978855887756656
2.816	-0.2752726341253894	-0.09879879806172927	-0.009977374326851682
2.832	-0.2752361334457047	-0.09878555365078487	-0.00997603503358794
2.848	-0.27520389554356844	-0.09877389482075413	-0.009974856648459603
2.864	-0.27517635297287657	-0.09876397684600248	-0.009973854848669665
2.88	-0.27515385401464254	-0.0987559239158107	-0.009973042160590731
2.896	-0.2751366588750973	-0.09874982780033742	-0.009972427825520281
2.912	-0.2751249373475051	-0.09874574705315797	-0.00997201771978101
2.928	-0.27511876794532425	-0.0987437067522927	-0.00997181432933789
2.944	-0.2751181384914334	-0.09874369877328448	-0.009971816778279815
2.96	-0.275122948125854	-0.09874568257976357	-0.009972020909665718
2.976	-0.2751330106731369	-0.09874958650920376	-0.009972419416477907
2.992	-0.27514805929055663	-0.09875530952431102	-0.009973002019674122
3.008	-0.2751677522998817	-0.09876272339380589	-0.009973755689663195
3.024	-0.2751916800888652	-0.09877167526037803	-0.009974664906917853
3.04	-0.2752193729541095	-0.0987819905483445	-0.009975711956910974
3.056	-0.2752503097446319	-0.09879347615912586	-0.00997687725412422
3.072	-0.27528392715558864	-0.09880592389913086	-0.009978139689501158
3.088	-0.2753196295142019	-0.09881911408200766	-0.00997947699547796
3.104	-0.27535679889513	-0.09883281924556286	-0.009980866122533363
3.12	-0.2753948054002733	-0.0988468079229118	-0.009982283621148374
3.136	-0.27543301743842924	-0.09886084840765492	-0.0099837060230736
3.152	-0.2754708118430876	-0.09887471245404113	-0.009985110215929797
3.168	-0.2755075836720759	-0.09888817885510409	-0.009986473805375996
3.184	-0.27554275554045476	-0.09890103684468848	-0.0099877754593642
3.2	-0.2755757863479653	-0.09891308927294387	-0.009988995229392431
3.216	-0.2756061792742135	-0.09892415550929427	-0.009990114844092556
3.232	-0.2756334889284296	-0.09893407403192872	-0.009991117971027209
3.248	-0.2756573275558093	-0.09894270466848384	-0.009991990443110388
3.264	-0.2756773702189266	-0.09894993045862432	-0.009992720446707301
3.28	-0.2756933588901365	-0.09895565911566029	-0.009993298669099098
3.296	-0.2757051054090777	-0.09895982407100382	-0.00999371840368547
3.312	-0.27571249327793135	-0.09896238509208678	-0.009993975611979294
3.328	-0.2757154782858451	-0.09896332847118636	-0.0099940689421518
3.344	-0.2757140879724126	-0.09896266678941337	-0.009993999704558287
3.36	-0.2757084199582297	-0.09896043826669315	-0.00999377180535823
3.376	-0.2756986391878663	-0.09895670571489974	-0.009993391639969424
3.392	-0.2756849741469706	-0.09895155511728254	-0.009992867948708547
3.408	-0.27566771213037494	-0.0989450938627924	-0.009992211637524492
3.424	-0.27564719365173596	-0.09893744866890891	-0.00999143556722815
3.44	-0.2756238060973392	-0.09892876323092378	-0.009990554315073334
3.456	-0.2755979767369498	-0.09891919563933567	-0.00998958391290454
3.472	-0.2755701652129109	-0.09890891561001003	-0.009988541566405256
3.488	-0.27554085563504566	-0.09889810157399731	-0.009987445360189005
3.504	-0.27551054841305955	-0.09888693767539009	-0.009986313953643158
3.52	-0.27547975196028984	-0.09887561072627772	-0.009985166272486629
3.536	-0.27544897440253946	-0.09886430716779984	-0.00998402120100562
3.552	-0.27541871542360574	-0.0988532100854237	-0.009982897279847481
3.568	-0.2753894583749116	-0.09884249632499528	-0.009981812414067617
3.584	-0.2753616627705273	-0.0988323337538005	-0.009980783595924804
3.6	-0.27533575728091203	-0.09882287870792289	-0.009979826646590195
3.616	-0.27531213332907956	-0.09881427366362093	-0.009978955980591533
3.632	-0.27529113938178607	-0.09880664516632151	-0.009978184396388036
3.648	-0.27527307601591444	-0.09880010204629044	-0.009977522896013542
3.664	-0.2752581918267795	-0.09879473394503366	-0.009976980536221518
3.68	-0.2752466802308759	-0.09879061017124181	-0.009976564313029629
3.696	-0.27523867720072176	-0.0987877788995663	-0.00997627908100642
3.712	-0.27523425995419104	-0.0987862667198748	-0.009976127508072133
3.728	-0.275233446605184	-0.09878607853895834	-0.009976110066010692
3.744	-0.27523619676704725	-0.09878719783106338	-0.009976225056317832
3.76	-0.27524241308514014	-0.09878958722828851	-0.009976468670459718
3.776	-0.2752519436605847	-0.0987931894368599	-0.009976835083086012
3.792	-0.27526458531374376	-0.0987979284603477	-0.009977316576277796
3.808	-0.2752800876234508	-0.09880371110601391	-0.009977903692452028
3.824	-0.27529815766663673	-0.09881042874607567	-0.0099785854131076
3.84	-0.2753184653729949	-0.09881795930209013	-0.009979349360195603
3.856	-0.27534064940076736	-0.09882616941770767	-0.009980182016576819
3.872	-0.27536432343281225	-0.09883491678255937	-0.009981068961799852
3.888	-0.27538908278683344	-0.09884405256813422	-0.009981995119259037
3.904	-0.2754145112301267	-0.09885342393537688	-0.009982945010649287
3.92	-0.275440187887388	-0.09886287657352072	-0.009983903013570461
3.936	-0.2754656941300217	-0.09887225723003636	-0.009984853618090617
3.952	-0.27549062033697913	-0.09888141619201575	-0.009985781678099508
3.968	-0.2755145724204837	-0.09889020968004156	-0.00998667265343472
3.984	-0.27553717801537037	-0.09889850211761245	-0.009987512839183563
4	-0.27555809223842354	-0.0989061682421	-0.00998828957908227
4.016	-0.2755770029337193	-0.09891309502589625	-0.009988991459955346
4.032	-0.27559363532999187	-0.09891918337909583	-0.009989608484189326
4.048	-0.2756077560451809	-0.0989243496082481	-0.009990132218026583
4.064	-0.27561917638275546	-0.09892852660931875	-0.009990555913941481
4.08	-0.27562775487606633	-0.09893166477755391	-0.009990874605362923
4.096	-0.27563339905044604	-0.0989337326242184	-0.009991085172411476
4.112	-0.2756360663863522	-0.09893471710052548	-0.00999118637793066
4.128	-0.2756357644798582	-0.09893462363663473	-0.009991178873641971
4.144	-0.275632550409623	-0.09893347590172899	-0.00999106517654557
4.16	-0.27562652933266196	-0.09893131528565659	-0.009990849615872162
4.176	-0.2756178523445597	-0.09892820010376277	-0.009990538251111567
4.192	-0.27560671365219297	-0.09892420453579603	-0.009990138762387876
4.208	-0.27559334711721095	-0.09891941732295227	-0.009989660316192058
4.224	-0.2755780222362701	-0.0989139402578156	-0.009989113411651842
4.24	-0.2755610396307527	-0.09890788650415826	-0.009988509711868756
4.256	-0.27554272612597175	-0.09890137877678166	-0.00998786185989254
4.272	-0.2755234295068157	-0.09889454741014428	-0.009987183277009683
4.288	-0.27550351304195436	-0.09888752835334463	-0.009986487947076524
4.304	-0.27548334987155904	-0.09888046112607926	-0.009985790193408882
4.32	-0.27546331735443574	-0.09887348675806427	-0.00998510445316566
4.336	-0.2754437914699043	-0.09886674574080878	-0.009984445060774746
4.352	-0.27542514136784146	-0.0988603760361496	-0.009983826051633046
4.368	-0.2754077241570418	-0.09885451118578302	-0.009983260982209047
4.384	-0.27539188001784953	-0.09884927855516153	-0.009982762758931056
4.4	-0.2753779277200083	-0.09884479773822208	-0.009982343477758154
4.416	-0.2753661606211475	-0.09884117914764151	-0.00998201428063746
4.432	-0.2753568432150018	-0.09883852281428185	-0.009981785232794868
4.448	-0.2753502082906048	-0.09883691741714577	-0.00998166522323185
4.464	-0.27534645475384556	-0.09883643956180133	-0.00998166189053188
4.48	-0.275345746150894	-0.09883715332133569	-0.009981781575686284
4.496	-0.27534820991995684	-0.09883911004979123	-0.009982029303101334
4.512	-0.2753539373843083	-0.09884234847384572	-0.0099824087903941
4.528	-0.27536298448610974	-0.09884689506431983	-0.009982922487125769
4.544	-0.27537537324766753	-0.09885276468490072	-0.00998357164217896
4.56	-0.2753910939347386	-0.09885996151143768	-0.009984356399072794
4.576	-0.27541010788513026	-0.0988684802112134	-0.00998527591811582
4.592	-0.2754323509544567	-0.09887830736784384	-0.00998632852392049
4.608	-0.2754577375189042	-0.09888942313395066	-0.009987511876442309
4.624	-0.2754861649621272	-0.09890180309046259	-0.009988823163383396
4.64	-0.2755175185616201	-0.09891542028843216	-0.009990259311507564
4.656	-0.27555167668286046	-0.0989302474465213	-0.009991817214143583
4.672	-0.27558851619220665	-0.09894625927488575	-0.009993493971930192
4.688	-0.27562791801570524	-0.09896343489394166	-0.009995287143674094
4.704	-0.2756697727976606	-0.09898176031442839	-0.009997195004026687
4.72	-0.27571398663761754	-0.09900123094310069	-0.00999921680458079
4.736	-0.27576048689003757	-0.09902185407617475	-0.010001353034894965
4.752	-0.27580922799040064	-0.09904365134009412	-0.010003605679902034
4.768	-0.2758601972372556	-0.09906666103620712	-0.010005978470132562
4.784	-0.27591342043427464	-0.09909094034272568	-0.010008477121166053
4.8	-0.2759689672891717	-0.09911656732508729	-0.010011109558746966
4.816	-0.2760269564682699	-0.09914364270734846	-0.010013886126002779
4.832	-0.27608756020533143	-0.09917229136771254	-0.01001681976923095
4.848	-0.276151008363612	-0.09920266354637364	-0.010019926198717118
4.864	-0.276217591862598	-0.09923493579337934	-0.010023224021066634
4.88	-0.2762876654116766	-0.09926931172367907	-0.01002673483965063
4.896	-0.2763616495354753	-0.09930602265810579	-0.010030483320289049
4.912	-0.2764400319145613	-0.09934532819225719	-0.010034497220666861
4.928	-0.27652336808519	-0.09938751666312087	-0.01003880738449562
4.944	-0.27661228153615486	-0.09943290542016496	-0.010043447704663921
4.96	-0.2767074632179625	-0.0994818407949022	-0.01004845506205174
4.976	-0.2768096704595925	-0.09953469770768711	-0.010053869246878504
4.992	-0.27691972528911707	-0.09959187892624691	-0.010059732867505411
5.008	-0.2770385121786779	-0.09965381405911962	-0.01006609124963746
5.024	-0.277166975266858	-0.09972095840077322	-0.01007299232886148
5.04	-0.27730611513155967	-0.09979379173642071	-0.010080486540947385
5.056	-0.27745698518258133	-0.09987281717555502	-0.010088626714200697
5.072	-0.27762068771929727	-0.09995856003525372	-0.010097467964212571
5.088	-0.27779836967091814	-0.10005156675595123	-0.010107067586182268
5.104	-0.27799121802102744	-0.1001524038128041	-0.010117484938578598
5.12	-0.27820045492213796	-0.10026165658434687	-0.010128781315394434
5.136	-0.27842733252716734	-0.10037992815007578	-0.01014101980854932
5.152	-0.2786731275939412	-0.10050783800223859	-0.010154265163305006
5.168	-0.2789391359465679	-0.10064602066965714	-0.010168583628336442
5.184	-0.27922666689747255	-0.10079512426131275	-0.010184042801033081
5.2	-0.27953703774334027	-0.1009558089446658	-0.010200711468954675
5.216	-0.27987156844751465	-0.10112874537841667	-0.01021865944946075
5.232	-0.28023157661230935	-0.10131461312156749	-0.010237957430324171
5.248	-0.28061837283009683	-0.10151409904037823	-0.010258676814242305
5.264	-0.28103325648483096	-0.1017278957325701	-0.010280889569742933
5.28	-0.28147751205856225	-0.10195669998462178	-0.01030466809033494
5.296	-0.2819524059820635	-0.10220121127390103	-0.010330085063089469
5.312	-0.2824591840552591	-0.10246213032316115	-0.010357213347237642
5.328	-0.2829990694509705	-0.10274015771085906	-0.010386125862836389
5.344	-0.28357326130320115	-0.10303599253689663	-0.010416895489100457
5.36	-0.28418293386773447	-0.10335033113978467	-0.010449594971549838
5.376	-0.28482923622771616	-0.10368386585776873	-0.010484296836726055
5.392	-0.2855132925007347	-0.1040372838231609	-0.010521073312821531
5.408	-0.28623620248781595	-0.10441126577592033	-0.010559996254173896
5.424	-0.2869990426902797	-0.10480648487944026	-0.010601137067187776
5.44	-0.2878028676088445	-0.10522360551852847	-0.010644566634860835
5.456	-0.2886487112315748	-0.10566328205677646	-0.01069035523672457
5.472	-0.289537588613469	-0.10612615752792105	-0.010738572460666646
5.488	-0.2904704974503014	-0.10661286223349933	-0.010789287102773886
5.504	-0.2914484195520943	-0.10712401221715183	-0.010842567051067382
5.52	-0.29247232212641355	-0.10766020758440366	-0.010898479148764063
5.536	-0.29354315878773896	-0.10822203063574572	-0.010957089032533226
5.552	-0.2946618702159013	-0.10881004378042052	-0.011018460941119093
5.568	-0.2958293843935441	-0.1094247871985535	-0.011082657489678132
5.584	-0.2970466163596741	-0.11006677622023495	-0.011149739405257732
5.6	-0.29831446742360307	-0.11073649839189698	-0.011219765219007008
5.616	-0.2996338237910642	-0.11143441020287548	-0.011292790910984183
5.632	-0.30100555456220335	-0.11216093344841688	-0.011368869503807439
5.648	-0.30243050906963154	-0.11291645120958357	-0.01144805060187832
5.664	-0.3039095135338914	-0.11370130343549231	-0.011530379873509702
5.68	-0.3054433670236008	-0.11451578211903395	-0.01161589847398001
5.696	-0.3070328367181566	-0.11536012606360768	-0.011704642408334194
5.712	-0.30867865248212045	-0.1162345152453301	-0.011796641833630097
5.728	-0.3103815007721302	-0.11713906478255665	-0.011891920301274492
5.744	-0.3121420179091643	-0.11807381853222138	-0.01199049394110717
5.76	-0.3139607827609942	-0.11903874234029818	-0.012092370589931418
5.776	-0.31583830889139675	-0.12003371698147303	-0.012197548868259384
5.792	-0.317775036243872	-0.12105853083069462	-0.01230601721010225
5.808	-0.31977132243791273	-0.12211287231648031	-0.012417752851681263
5.824	-0.3218274337649475	-0.12319632221253798	-0.012532720785932972
5.84	-0.3239435359786731	-0.12430834583025535	-0.012650872690622598
5.856	-0.32611968498030675	-0.12544828517978354	-0.01277214583873098
5.872	-0.3283558175030515	-0.126615351171675	-0.01289646200054198
5.888	-0.33065174190161983	-0.12780861593425252	-0.013023726347495957
5.904	-0.3330071291518237	-0.12902700532400202	-0.013153826368396274
5.92	-0.33542150416192434	-0.1302692917072958	-0.013286630808936967
5.936	-0.33789423749162856	-0.13153408709162356	-0.013421988645765987
5.952	-0.3404245375663476	-0.13281983668330255	-0.013559728106399294
5.968	-0.3430114434637259	-0.13412481294638173	-0.013699655746264909
5.984	-0.34565381833667025	-0.13544711023424524	-0.013841555593982348
6	-0.34835034352240296	-0.13678464006135474	-0.013985188375684368
6.016	-0.35109951337076295	-0.1381351270777733	-0.014130290828768391
6.032	-0.3538996308073765	-0.13949610580372074	-0.014276575114949664
6.048	-0.35674880362888844	-0.14086491817557292	-0.014423728341877535
6.064	-0.35964494150853865	-0.14223871194858154	-0.014571412201905555
6.08	-0.3625857536714985	-0.14361443999531334	-0.014719262735873621
6.096	-0.3655687471809434	-0.14498886053254761	-0.014866890229009964
6.112	-0.3685912257583214	-0.14635853830326098	-0.01501387924529245
6.128	-0.3716502890451123	-0.1477198467345224	-0.015159788805855013
6.144	-0.3747428321989257	-0.14906897108674144	-0.015304152716305829
6.16	-0.3778655457044893	-0.15040191260488303	-0.015446480047157976
6.176	-0.3810149152702009	-0.15171449367809678	-0.01558625577098103
6.192	-0.38418722167376035	-0.15300236401080364	-0.015722941559386402
6.208	-0.38737854041618325	-0.15426100780574553	-0.01585597674257389
6.224	-0.3905847410423647	-0.1554857519579163	-0.015984779433915054
6.24	-0.3938014859884427	-0.15667177525774204	-0.016108747821939447
6.256	-0.3970242288215443	-0.1578141186024539	-0.016227261632143497
6.272	-0.40024821174608927	-0.1589076962163751	-0.016339683761263595
6.288	-0.4034684622626468	-0.15994730788390177	-0.016445362087056895
6.304	-0.4066797888803148	-0.16092765220337435	-0.01654363145721889
6.32	-0.4098767758016332	-0.16184334087585944	-0.016633815861831613
6.336	-0.4130537765200492	-0.16268891405016553	-0.01671523079467857
6.352	-0.4162049062938312	-0.1634588567541833	-0.016787185809865404
6.368	-0.4193240334869791	-0.16414761645289958	-0.01684898728141879
6.384	-0.4224047697970617	-0.16474962178507555	-0.01689994137487814
6.4	-0.4254404594219821	-0.16525930254349877	-0.016939357241281105
6.416	-0.4284241672524637	-0.16567111097767367	-0.016966550445317873
6.432	-0.4313486662146485	-0.16597954451246474	-0.016980846640711766
6.448	-0.43420642392767755	-0.16617916999108745	-0.01698158550695616
6.464	-0.4369895888847493	-0.16626464956530143	-0.016968124962291827
6.48	-0.43968997641307217	-0.16623076836889333	-0.016939845668082196
6.496	-0.4422990547186549	-0.16607246412150597	-0.01689615583936524
6.512	-0.44480793137624813	-0.16578485881735244	-0.016836496375137636
6.528	-0.4472073406832094	-0.16536329265588418	-0.016760346319636528
6.544	-0.4494876323587319	-0.16480336036741827	-0.016667228662296953
6.56	-0.4516387621367131	-0.16410095007425526	-0.016556716478947117
6.576	-0.45365028487122094	-0.16325228480498966	-0.01642843940992329
6.592	-0.455511350847257	-0.16225396674461565	-0.016282090461940197
6.608	-0.4572107060649891	-0.161103024253787	-0.016117433109581008
6.624	-0.45873669734069156	-0.1597969616256202	-0.01593430865907586
6.64	-0.4600772831391633	-0.15833381146655567	-0.015732643821634487
6.656	-0.4612200511162134	-0.15671218948846402	-0.015512458426097622
6.672	-0.46215224340049654	-0.15493135138268793	-0.015273873181371574
6.688	-0.4628607906750352	-0.1529912513143311	-0.015017117378447603
6.704	-0.46333235612286194	-0.15089260142933708	-0.01474253640042902
6.72	-0.4635533902707259	-0.14863693161146865	-0.014450598887721822
6.736	-0.46351019769244833	-0.14622664856627182	-0.014141903385389211
6.752	-0.4631890164134677	-0.14366509315070328	-0.013817184281779605
6.768	-0.4625761106867042	-0.14095659471755842	-0.013477316833132255
6.784	-0.4616578775865436	-0.1381065211110481	-0.013123321059210071
6.8	-0.46042096759536466	-0.13512132284194797	-0.012756364291276417
6.816	-0.4588524190419665	-0.13200856989551912	-0.012377762156939198
6.832	-0.45693980590271555	-0.1287769795898639	-0.01198897779728681
6.848	-0.4546713981055417	-0.12543643391216783	-0.01159161913074661
6.864	-0.4520363330962445	-0.1219979848191797	-0.011187434005211522
6.88	-0.44902479704818105	-0.11847384609796183	-0.010778303114770592
6.896	-0.4456282137315537	-0.1148773705426874	-0.010366230598972579
6.912	-0.4418394387173835	-0.11122301141009747	-0.009953332289695594
6.928	-0.43765295628245177	-0.10752626736501658	-0.009541821621795324
6.944	-0.433065076112435	-0.10380361041118757	-0.009133993276979106
6.96	-0.42807412667732825	-0.10007239661343713	-0.00873220468389313
6.976	-0.4226806419813229	-0.09635075974588102	-0.00833885554935385
6.992	-0.4168875382729835	-0.09265748833835093	-0.007956365644264352
7.008	-0.41070027724458424	-0.08901188693057603	-0.007587151111534535
7.024	-0.4041270122547145	-0.08543362267265114	-0.007233599601070215
7.04	-0.3971787141779715	-0.08194255872370614	-0.006898044567775636
7.056	-0.38986927362094775	-0.07855857619234799	-0.006582739092015154
7.072	-0.38221557644510823	-0.07530138662742841	-0.006289829597966013
7.088	-0.37423754980358837	-0.07219033730222602	-0.006021329853894695
7.104	-0.36595817622825555	-0.06924421173643076	-0.00577909563999408
7.12	-0.3574034736918775	-0.06648102806641225	-0.005564800464573705
7.136	-0.3486024400128268	-0.06391783800377983	-0.005379912698753852
7.152	-0.33958696045977677	-0.06157052921418786	-0.005225674484065195
7.168	-0.3303916779433684	-0.05945363400184414	-0.0051030827471409725
7.184	-0.32105382574160374	-0.0575801471993605	-0.005012872631599032
7.2	-0.3116130232856352	-0.05596135613638041	-0.0049555036297101234
7.216	-0.30211103612182727	-0.05460668549254403	-0.004931148665866512
7.232	-0.29259150175327786	-0.05352355972927815	-0.004939686350419686
7.248	-0.28309962363816465	-0.05271728563894006	-0.004980696586215081
7.264	-0.27368183617234304	-0.05219095734728831	-0.005053459671111201
7.28	-0.2643854439990702	-0.051945385854592296	-0.005156958997850111
7.296	-0.25525823945984005	-0.051979054900903286	-0.005289887407757835
7.312	-0.2463481024182627	-0.05228810459185684	-0.005450657206858305
7.328	-0.23770258704592587	-0.05286634382383516	-0.005637413802126935
7.344	-0.22936850044865842	-0.053705292103877554	-0.005848052862019314
7.36	-0.2213914782281827	-0.05479425087481557	-0.006080240849510713
7.376	-0.21381556221368472	-0.05612040393639292	-0.006331438718373103
7.392	-0.20668278565753959	-0.05766894600773794	-0.0065989285052964145
7.408	-0.2000327711677404	-0.059423237917273525	-0.006879842493046175
7.424	-0.19390234654622918	-0.061364986347318344	-0.007171194564760558
7.44	-0.18832518351825533	-0.06347444551901965	-0.007469913318639429
7.456	-0.1833314640752467	-0.06573063769757105	-0.007772876467767642
7.472	-0.17894757881573606	-0.06811158894788015	-0.008076946013862638
7.488	-0.175195861260031	-0.0705945761972586	-0.008379003658503702
7.504	-0.17209436163993275	-0.07315638138373644	-0.008675985902812688
7.52	-0.16965666313131733	-0.07577354830340519	-0.008964918288124134
7.536	-0.16789174291210976	-0.07842263773114787	-0.009242948246751558
7.552	-0.16680387979941733	-0.08108047648437132	-0.009507376063597738
7.568	-0.1663926095565376	-0.08372439633048692	-0.009755683495207302
7.584	-0.16665272827342736	-0.08633245900004156	-0.00998555965114992
7.6	-0.16757434352420028	-0.08888366404486692	-0.010194923810745956
7.616	-0.16914297230457254	-0.09135813685325594	-0.010381944922857309
7.632	-0.171339684064273	-0.09373729477443718	-0.010545057614136957
7.648	-0.17414128648872607	-0.09600398998054946	-0.010682974608075628
7.664	-0.1775205510662249	-0.098142628371853	-0.01079469552993645
7.68	-0.18144647491748553	-0.10013926447678427	-0.01087951213830261
7.696	-0.18588457488032922	-0.10198167288282006	-0.010937010080270869
7.712	-0.19079720944921438	-0.10365939723292925	-0.010967067313000085
7.728	-0.19614392388200003	-0.10516377821903954	-0.010969849368992637
7.744	-0.20188181361658772	-0.10648796228993687	-0.010945801666649258
7.76	-0.20796590109592028	-0.10762689296585912	-0.010895639082566758
7.776	-0.21434952118379852	-0.10857728672220882	-0.010820333009511244
7.792	-0.22098471056215643	-0.10933759538232272	-0.010721096126070582
7.808	-0.2278225968214815	-0.1099079568598962	-0.01059936510274451
7.824	-0.2348137833711828	-0.11029013593339343	-0.010456781466549417
7.84	-0.24190872678030556	-0.1104874565361347	-0.010295170843628134
7.856	-0.24905810368023834	-0.11050472682474494	-0.010116520797949611
7.872	-0.2562131648864385	-0.11034815806183176	-0.009922957484580717
7.888	-0.2633260748923925	-0.11002527813060548	-0.009716721338409026
7.904	-0.27035023532627367	-0.10954484030160848	-0.009500142023418978
7.92	-0.2772405913158994	-0.1089167277039446	-0.009275612873208864
7.936	-0.2839539199662567	-0.10815185382167598	-0.009045565059725721
7.952	-0.29044910031191823	-0.10726205924384383	-0.008812441733394858
7.968	-0.296687364170038	-0.10626000484467496	-0.008578672383086183
7.984	-0.30263252730308265	-0.1051590615574485	-0.008346647667859107
8	-0.3082512002254303	-0.10397319692775507	-0.008118694973374859
