L= 50  beta= 0.5  t_max= 5.0  steps= 1000  D= 200  prec= 1.0e-20  delta= 10.0
# t 	 E 	 mag 	 corr 	 err
0.005	-40.2382362398453	-0.40583787095213875	-7827499554151087e-25	15177676564977912e-36
0.01	-40.23930976133436	-0.40583793758482156	-7827159885124299e-25	15506772007965617e-36
0.015	-40.24049608304868	-0.4058380526644866	-7826819345601835e-25	16171567286787757e-36
0.02	-40.24180707543124	-0.4058382214155041	-7826477905879826e-25	1718842071770791e-35
0.025	-40.24325585679694	-0.4058384495792004	-7826135526304417e-25	18585877324503893e-36
0.03	-40.2448569244373	-0.4058387434681907	-7825792156225643e-25	20407828139725128e-36
0.035	-40.246626299484625	-0.4058391100264385	-782544773283839e-24	22716342960457024e-36
0.04	-40.24858168697713	-0.4058395568956859	-7825102179897956e-25	25593728097571147e-36
0.045	-40.250742652715374	-0.4058400924888569	-7824755406300427e-25	291444620072687e-34
0.05	-40.253130818667316	-0.4058407260712383	-7824407304509077e-25	3349748435093043e-35
0.055	-40.255770078858234	-0.4058414678501838	-782405774881566e-24	3880899192680498e-35
0.06	-40.25868683789439	-0.40584232907431683	-7823706593414475e-25	4526582456096963e-35
0.065	-40.261910274469	-0.40584332214311214	-7823353670269959e-25	5308948000622907e-35
0.07	-40.265472632470804	-0.40584446072804803	-782299878675615e-24	6254065027235783e-35
0.075	-40.26940954256915	-0.4058457599065284	-7822641723041614e-25	7392394563421344e-35
0.08	-40.27376037744342	-0.4058472363098411	-7822282229192718e-25	8759222424388741e-35
0.085	-40.27856864416033	-0.40584890828664966	-7821920021962532e-25	10394971818192208e-35
0.09	-40.2838824175695	-0.405850796083756	-7821554781233692e-25	12345296242113728e-35
0.095	-40.289754818953504	-0.40585292204570894	-7821186146071841e-25	14660840928159298e-35
0.1	-40.29624454464446	-0.40585531083548254	-7820813710349791e-25	17396558880684228e-35
0.105	-40.30341644975871	-0.40585798967819275	-7820437017892519e-25	2061048660883742e-34
0.11	-40.31134219275623	-0.40586098863042175	-7820055557087876e-25	2436194474942656e-34
0.115	-40.32010094709297	-0.4058643408777696	-7819668754904521e-25	2870925371520849e-34
0.12	-40.32978018685991	-0.4058680830635138	-7819275970246399e-25	33707256693144793e-35
0.125	-40.34047655400943	-0.4058722556516487	-7818876486565985e-25	394052039124821e-33
0.13	-40.35229681552349	-0.40587690332794957	-7818469503652689e-25	4584580741522568e-34
0.135	-40.36535891969238	-0.4058820754428716	-7818054128501757e-25	11009870713236448e-35
0.14	-40.37979316159151	-0.4058878265006902	-7817629365113547e-25	12740363605838817e-35
0.145	-40.395743468828414	-0.40589421669968123	-7817194103178052e-25	14526496095220793e-35
0.15	-40.41336881968655	-0.40590131252852835	-7816747105418138e-25	16330618919499786e-35
0.155	-40.432844806988534	-0.4059091874248568	-7816286993469615e-25	18124729449762189e-35
0.16	-40.454365362229545	-0.4059179225021682	-7815812232103698e-25	1989716059026057e-34
0.165	-40.47814465592853	-0.4059276073522624	-7815321111577712e-25	21656196073534107e-35
0.17	-40.504419191593584	-0.405938340930792	-7814811727870742e-25	2343014558931249e-34
0.175	-40.533450112308316	-0.4059502325345241	-7814281960525796e-25	25265165081106547e-35
0.18	-40.565525740616714	-0.4059634028794922	-7813729447776557e-25	272230941065419e-33
0.185	-40.600964374217696	-0.4059779852903206	-7813151558591443e-25	2938116945820656e-34
0.19	-40.64011736189319	-0.40599412701188065	-7812545361208771e-25	31834094211816264e-35
0.195	-40.68337248613139	-0.40601199065557986	-781190758767452e-24	3469773961035626e-34
0.2	-40.731157681024925	-0.4060317557936281	-7811234593808462e-25	3811360435078004e-34
0.205	-40.78394511624043	-0.4060536207159547	-781052231393529e-24	42253977342052643e-35
0.21	-40.84225568014318	-0.4060778043658273	-7809766210746174e-25	2281052879822382e-34
0.215	-40.906663897444524	-0.4061045484715289	-7808961213361542e-25	2321553588544903e-34
0.22	-40.97780331906323	-0.406134119893094	-7808101655215894e-25	2282389280371017e-34
0.225	-41.056372424133926	-0.4061668132046925	-7807181197255891e-25	24302012951437524e-35
0.23	-41.14314107621523	-0.40620295353493907	-7806192741905702e-25	25998865944481532e-35
0.235	-41.238957577674995	-0.40624289968930816	-7805128334666741e-25	27965523877922398e-35
0.24	-41.344756367811954	-0.4062870475805025	-7803979051343349e-25	30264579280118626e-35
0.245	-41.46156641143614	-0.4063358339947982	-7802734868532855e-25	3297628050543425e-34
0.25	-41.590520325128075	-0.40638974072405043	-780138451459717e-24	36205308413869723e-35
0.255	-41.7328642881033	-0.4064492990951805	-7799915297828092e-25	40088225742502733e-35
0.26	-41.88996878320737	-0.40651509493071203	-7798312919580448e-25	24631303872848466e-35
0.265	-42.06334021076171	-0.4065877739755994	-7796561207155429e-25	32197604659205046e-36
0.27	-42.25463341344201	-0.4066680478271876	-7794641882242989e-25	37804050463508344e-36
0.275	-42.46566514358031	-0.40675670040619916	-7792534245980679e-25	4586508123406221e-35
0.28	-42.698428494786135	-0.406854595007406	-7790214815082691e-25	5706662722183069e-35
0.285	-42.95510830690615	-0.406962681968593	-7787656902346654e-25	7227089344017998e-35
0.29	-43.238097536404084	-0.40708200699567204	-7784830127284634e-25	9257116313626802e-35
0.295	-43.55001456237722	-0.40721372017963997	-7781699844617303e-25	11936597733165595e-35
0.3	-43.893721370716946	-0.4073590857375905	-7778226476252175e-25	15445740952464886e-35
0.305	-44.2723425243223	-0.4075194925046482	-7774364729948127e-25	20017952753389097e-35
0.31	-44.68928478452101	-0.4076964651952903	-7770062685079792e-25	25956550211610228e-35
0.315	-45.14825719686442	-0.4078916764418462	-7765260722792361e-25	3365653973086925e-34
0.32	-45.65329139168332	-0.408106959602305	-7759890276858367e-25	18611011074857968e-35
0.325	-46.208761775119804	-0.40834432230983	-7753872362628001e-25	24263989187103403e-35
0.33	-46.819405198320354	-0.40860596070991073	-7747115876059146e-25	8607630240466759e-35
0.335	-47.490339590067244	-0.40889427429719616	-7739515591471999e-25	1123676420209876e-34
0.34	-48.227080920512435	-0.4092118812209731	-7730949843397813e-25	14746678119545393e-35
0.345	-49.03555773051126	-0.4095616338736948	-7721277825890246e-25	19453433348932055e-35
0.35	-49.922122312788865	-0.4099466345090703	-771033646585947e-24	2579439109447918e-34
0.355	-50.893557469187606	-0.4103702505515703	-7697936814101744e-25	3437783585648405e-34
0.36	-51.95707759545407	-0.41083612915575657	-7683859897869953e-25	4422221438394137e-34
0.365	-53.120322666011305	-0.41134821044738334	-7667851979801017e-25	9986086904391551e-35
0.37	-54.39134351282983	-0.4119107387255321	-7649619173010994e-25	1394430139333283e-34
0.375	-55.778576624567826	-0.4125282707227289	-762882137139779e-24	195224642454061e-33
0.38	-57.290806547368994	-0.4132056798041442	-7605065472018443e-25	2740661862872792e-34
0.385	-58.93711386351989	-0.4139481547350171	-7577897892501763e-25	3858566498547022e-34
0.39	-60.726806678650355	-0.4147611913553052	-754679642648769e-24	9859791342362141e-35
0.395	-62.66933358606737	-0.41565057517289394	-7511161530021967e-25	14052150887268397e-35
0.4	-64.77417622481238	-0.4166223525239787	-7470307217917774e-25	20125076950206347e-35
0.405	-67.05071983479004	-0.4176827875597634	-7423451831511715e-25	28961582147271715e-35
0.41	-69.50810066627918	-0.4188383019154504	-7369709075311321e-25	4187876236019006e-34
0.415	-72.15502974822913	-0.4200953935238234	-7308080000821024e-25	11881416928495446e-35
0.42	-74.99959337893453	-0.42146053068256634	-7237446052452555e-25	1778936502122476e-34
0.425	-78.04903178270226	-0.4229400172204148	-7156565318529264e-25	2669922157765615e-34
0.43	-81.3094986690295	-0.4245398244915115	-7064072045458287e-25	4018482774431547e-34
0.435	-84.78580590835082	-0.42626538604085407	-6958481288644824e-25	1483494830192716e-34
0.44	-88.48115914678421	-0.42812135122257455	-6838200933415547e-25	23264005738350904e-35
0.445	-92.39689183975452	-0.4301112949291418	-6701551869587374e-25	3664555783465292e-34
0.45	-96.53220678168438	-0.4322373820279548	-6546799533033167e-25	12323531685287063e-35
0.455	-100.88393561243754	-0.4344999872256038	-6372198469410249e-25	19512351683194896e-35
0.46	-105.44632784150599	-0.4368972740000086	-617605207696866e-24	30998004076235992e-35
0.465	-110.21088149564838	-0.43942474003352244	-5956789247671973e-25	30034543835715873e-35
0.47	-115.16622742499774	-0.44207474125851853	-5713058987777342e-25	17887500861189314e-35
0.475	-120.29807848899947	-0.4448360121148963	-5443843116276111e-25	2737957167642374e-34
0.48	-125.58925322816987	-0.4476932057131441	-5148585775267254e-25	41031782027100336e-35
0.485	-131.01978121652746	-0.45062648394576604	-4827336741900632e-25	32435727167396123e-35
0.49	-136.56709416033016	-0.4536111936738633	-4480903462558919e-25	18261756363360293e-35
0.495	-142.20630311070929	-0.45661767024890854	-4111004430551263e-25	2852679032665513e-34
0.5	-147.91055810277817	-0.4596112129925688	-3720414207418955e-25	2953183782002938e-34
0.505	-153.65148237722207	-0.46255227795128373	-33130882448262345e-26	3162157719322086e-34
0.51	-159.39966935894182	-0.4653969303862497	-2894254021005448e-25	35110759651434004e-36
0.515	-165.12522703265952	-0.4680975923070212	-24704541555146853e-26	6230279030177392e-35
0.52	-170.7983515117116	-0.4706041084355992	-2049527406938454e-25	1084254147898113e-34
0.525	-176.38990963982639	-0.47286513722812856	-16405150273995077e-26	18541032352246318e-35
0.53	-181.8720095336094	-0.4748298524307497	-12534829704253663e-26	31213157647026273e-35
0.535	-187.21853813631327	-0.4764499161286607	-8992549153467277e-26	35223916916139986e-35
0.54	-192.4056461125213	-0.477681657954645	-5890568039197943e-26	3796902994374592e-34
0.545	-197.41216270477702	-0.47848836913705695	-33408024071568016e-27	2499431050681961e-34
0.55	-202.2199263690494	-0.47884259678782903	-14497920485131464e-27	3927161082222208e-34
0.555	-206.81402092355327	-0.4787283057581908	-31321453034236184e-28	20087496364374796e-35
0.56	-211.1829113551789	-0.47814276485144125	-10221466489521424e-29	2993194549238794e-34
0.565	-215.3184780664239	-0.47709801306416244	-59791967185110726e-28	3223679536762877e-34
0.57	-219.21595293302423	-0.4756217710304914	-21063478887988318e-27	32867419954905917e-35
0.575	-222.87376480247025	-0.4737576833077533	-4534304365795603e-26	17017873407891896e-35
0.58	-226.29330574341384	-0.4715648079459286	-784635950613152e-25	29320324909451846e-35
0.585	-229.47863225067627	-0.4691163093652802	-1197134151706926e-25	2641319704270764e-34
0.59	-232.43611757600593	-0.4664973565188145	-16802513286924988e-26	2728212709298499e-34
0.595	-235.17407232026065	-0.46380227758276343	-22199567156691268e-26	19426572049347358e-35
0.6	-237.7023503957351	-0.46113107155297034	-27992463571316604e-26	32207958000593654e-35
0.605	-240.03195652439055	-0.45858542257046797	-33987023284532173e-26	14968582231440806e-35
0.61	-242.17466971785285	-0.45626440119265066	-39972076278362615e-26	23476667903678497e-35
0.615	-244.14269486883012	-0.45426006525852547	-45727864281722697e-26	36807304340382427e-35
0.62	-245.9483518774178	-0.4526531892425326	-5103530660535839e-25	33366438533007194e-35
0.625	-247.60380884869159	-0.45150935366473194	-5568567365228078e-25	3585844906617917e-34
0.63	-249.1208630286692	-0.45087561477218524	-5949017080134408e-25	37319508026505386e-35
0.635	-250.51077046427247	-0.45077794981504904	-6228892840313595e-25	3669029512428222e-34
0.64	-251.78412301418692	-0.4512196361912402	-6395891352697724e-25	343293284671845e-33
0.645	-252.9507693954278	-0.4521806756823622	-644203299248898e-24	29266584873483657e-35
0.65	-254.01977547692226	-0.4536183207232219	-6364115002428953e-25	25248423262759584e-35
0.655	-254.99941803931645	-0.45546870133202316	-6163952020357408e-25	2102952909672323e-34
0.66	-255.89720569103503	-0.45764949238716457	-5848389185303626e-25	3038366270720805e-34
0.665	-256.7199205165083	-0.460063504770967	-5429085025310232e-25	4383806007659598e-34
0.67	-257.47367427107537	-0.4626030337123546	-4922073017739656e-25	29504447419482406e-35
0.675	-258.16397345212374	-0.46515475625741987	-43471217751183253e-26	33347989613511443e-35
0.68	-258.79578829018885	-0.46760493945185533	-37269234520406405e-26	3614118433811744e-34
0.685	-259.37362153937096	-0.46984470314687155	-3086147844335533e-25	30683183468757683e-35
0.69	-259.9015738359913	-0.4717750772330548	-2450405397070683e-25	4076547797391132e-34
0.695	-260.3834032761641	-0.4733116026935634	-18451658375504808e-26	3031138228788447e-34
0.7	-260.8225776906619	-0.4743882485382639	-12946805720225737e-26	36815919878537442e-35
0.705	-261.2223188331861	-0.47496045112585994	-8209557729202082e-26	3268540676022016e-34
0.71	-261.585638322621	-0.4750071266871165	-4428208070970401e-26	2967163112071913e-34
0.715	-261.915365679101	-0.47453155962266536	-175131619982765e-25	3810010500379766e-34
0.72	-262.21416916592375	-0.47356112560426356	-28142981412673294e-28	3267426255177329e-34
0.725	-262.4845703993105	-0.47214586669534475	-7076144766852633e-28	36042002451788147e-35
0.73	-262.7289538276042	-0.4703559926186385	-1119002446026993e-26	3723372372421609e-34
0.735	-262.9495722264189	-0.4682784350424185	-33733686769044386e-27	34044549888866405e-35
0.74	-263.1485493239045	-0.4660126276941765	-6730878779356901e-26	3661267674465103e-34
0.745	-263.32788057945766	-0.46366572199377515	-11042771199330855e-26	3868527064821076e-34
0.75	-263.4894330079927	-0.4613474739729573	-1612087432432987e-25	27966851343263323e-35
0.755	-263.6349447868098	-0.4591650523347309	-217456577971393e-24	379584713149798e-33
0.76	-263.7660252174403	-0.4572180190476137	-27675617951285475e-26	3417007902480232e-34
0.765	-263.8841554530521	-0.45559372295007894	-3365758833406403e-25	36474886602034137e-35
0.77	-263.9906902512614	-0.4543633241655311	-3943752331361013e-25	4074412307321886e-34
0.775	-264.0868608801602	-0.4535786339845913	-4477127909542853e-25	3552033620181506e-34
0.78	-264.17377919470334	-0.4532699130451093	-4943491738335068e-25	36186927709240186e-35
0.785	-264.252442814171	-0.45344472232621635	-5323407794595223e-25	339694994646045e-33
0.79	-264.32374126813215	-0.45408786915098087	-5601201175699895e-25	41931562142404733e-35
0.795	-264.38846293726976	-0.45516243670530165	-5765593715643523e-25	329686978987756e-33
0.8	-264.44730259348	-0.45661183319634524	-5810144793516777e-25	38507022096286036e-35
0.805	-264.5008693380962	-0.4583627482528464	-5733481305956869e-25	32232404912554924e-35
0.81	-264.54969474372876	-0.46032886184017957	-5539309335346364e-25	39012327165152063e-35
0.815	-264.59424102118567	-0.46241511681098235	-5236209591499258e-25	28531448904593003e-35
0.82	-264.63490905443365	-0.4645223417850448	-4837230028871222e-25	34169271707854166e-35
0.825	-264.67204617109036	-0.4665519973944708	-43592950604117077e-26	40950884479237057e-35
0.83	-264.70595354087664	-0.46841081653631694	-3822460220567297e-25	3277827142163232e-34
0.835	-264.7368931183137	-0.4700151180775003	-32490456029782176e-26	41773627616097053e-35
0.84	-264.7650940672573	-0.47129459283747543	-2662686005378861e-25	331323547724172e-33
0.845	-264.79075862326533	-0.47219538950539935	-20873381207443857e-26	4054379781736603e-34
0.85	-264.8140673648802	-0.47268236485738624	-15462859061520854e-26	34743977321438073e-35
0.855	-264.835183877042	-0.4727404052938082	-10611845230930266e-26	42394395098867815e-35
0.86	-264.85425879925276	-0.4723747731263317	-6511810376772641e-26	36634357122380017e-35
0.865	-264.87143325903554	-0.4716104788759038	-3321465371543087e-26	38261868641411666e-35
0.87	-264.88684169722825	-0.4704907277328754	-11604964660946931e-27	386725869642371e-33
0.875	-264.9006140979445	-0.46907453201000093	-1049563878752227e-27	3659944950515649e-34
0.88	-264.9128776416545	-0.4674336198149276	-18448744909538443e-28	35531497018117935e-35
0.885	-264.92375780643	-0.4656488015106512	-13814795773679683e-27	39242322382298605e-35
0.89	-264.93337894936906	-0.4638059784279984	-3632188181354356e-26	4207757253572707e-34
0.895	-264.94186440826763	-0.46199199179424033	-6829756908454198e-26	3678480276959559e-34
0.9	-264.9493361719826	-0.46029051347645433	-10829011343097816e-26	32436064091085327e-35
0.905	-264.95591417669914	-0.45877817393126435	-15452815137552475e-26	33787249806479953e-35
0.91	-264.9617152940422	-0.4575211072108363	-2049971316549176e-25	2878022613302753e-34
0.915	-264.9668520845861	-0.45657206895152	-2575253075793629e-25	23874806443362722e-35
0.92	-264.9714313969945	-0.4559682523127698	-309875581166461e-24	30016961761289834e-35
0.925	-264.97555289733737	-0.45572989050073764	-35983923468498964e-26	3090621307959173e-34
0.93	-264.97930761521104	-0.4558596946938229	-40532754296484624e-26	4221025848003375e-34
0.935	-264.98277659208907	-0.45634313490521344	-44445738039837116e-26	2776758707257073e-34
0.94	-264.9860297134438	-0.45714953061784713	-4756272552738394e-25	36416166158025123e-35
0.945	-264.9891247980557	-0.4582338798799896	-4975806734846665e-25	2714321619566839e-34
0.95	-264.9921070074984	-0.45953932175911705	-5094543388972047e-25	36470783821800895e-35
0.955	-264.99500862441676	-0.46100009916086204	-5108094021974467e-25	2399199416101744e-34
0.96	-264.9978492319002	-0.46254486825040264	-5016447223785623e-25	3314963072386977e-34
0.965	-265.0006363079415	-0.46410018790567636	-4823919094495126e-25	33313012217492155e-35
0.97	-265.0033662289677	-0.4655940182130074	-45389265777638883e-26	3016543911265871e-34
0.975	-265.00602565702496	-0.46695906099486384	-4173595963756379e-25	3987765053129538e-34
0.98	-265.0085932657115	-0.4681357873265169	-37432252342016153e-26	33644982670685344e-35
0.985	-265.0110417424312	-0.4690750161651412	-3265624232808556e-25	3428168856786674e-34
0.99	-265.0133399895961	-0.46973993345711473	-2760361275205004e-25	3534394352226074e-34
0.995	-265.0154554354092	-0.4701074710115664	-22479472944165028e-26	39120106001846493e-35
1	-265.01735635735724	-0.4701689974446951	-1748991011530519e-25	36417885948918415e-35
1.005	-265.019014118053	-0.46993030790927864	-1283359036853089e-25	35416626796389924e-35
1.01	-265.02040521457303	-0.46941093340806195	-8693742724918682e-26	40654086412691034e-35
1.015	-265.021513048742	-0.4686428225889785	-523084206351434e-25	3493154458562854e-34
1.02	-265.0223293365674	-0.4676684775208832	-2576277841606002e-26	4025159534566163e-34
1.025	-265.0228550901981	-0.46653864875163686	-8272557186080774e-27	34687522146399103e-35
1.03	-265.02310112427665	-0.4653097129309003	-4312988547216635e-28	41272057607411656e-35
1.035	-265.02308805995153	-0.4640408677303491	-24330649451100723e-28	36691257211393373e-35
1.04	-265.02284582285284	-0.46279128334986536	-1406795036789223e-26	3873897696257842e-34
1.045	-265.0224126550311	-0.4616173475473968	-3473416860918618e-26	36061496185107973e-35
1.05	-265.02183368417025	-0.4605701322022743	-6346611422811556e-26	4267847220765282e-34
1.055	-265.02115911486965	-0.45969319456192154	-9897714275055526e-26	381077644977753e-33
1.06	-265.0204421257896	-0.45902080644989207	-13971519115190878e-26	36476012610621173e-35
1.065	-265.01973657155963	-0.4585766809667947	-1839288217285992e-25	42289514104340276e-35
1.07	-265.01909459919517	-0.4583732398905394	-22974085552288104e-26	42543608609708463e-35
1.075	-265.0185642942004	-0.45841143745788693	-27522645343719404e-26	40790280340467165e-35
1.08	-265.0181874718994	-0.4586811288817155	-3184923475832835e-25	3892228394239633e-34
1.085	-265.0179977240639	-0.45916194616502826	-35775392631725927e-26	3917346883523434e-34
1.09	-265.0180188199553	-0.45982462073079217	-3914070083788077e-25	42648533657375226e-35
1.095	-265.0182635455525	-0.4606326731354591	-41809142344268246e-26	4058682682995421e-34
1.1	-265.01873304426306	-0.4615443754837767	-43674389706298614e-26	42600163656350286e-35
1.105	-265.01941669930034	-0.46251488267082536	-44663825045051594e-26	4037908291975251e-34
1.11	-265.0202925722304	-0.46349842451913814	-447411446301577e-24	4033412487066293e-34
1.115	-265.0213283851941	-0.4644504522497721	-4390746339940601e-25	37088493544782007e-35
1.12	-265.0224830080616	-0.46532963925096704	-42200897113219347e-26	3833505109350609e-34
1.125	-265.023708386502	-0.4660996472607008	-39694657014675723e-26	4007801064873945e-34
1.13	-265.024951824617	-0.4667305841243766	-3649375375715459e-25	37852845782924326e-35
1.135	-265.0261585175748	-0.4672000973225906	-3273045788697942e-25	3721875094045693e-34
1.14	-265.02727421565294	-0.4674940674662816	-28558708861486353e-26	3824559363216484e-34
1.145	-265.02824789335426	-0.4676068868525882	-2414770617124389e-25	40849183102586534e-35
1.15	-265.02903429498156	-0.46754132888356265	-1967494360384859e-25	37976823330598685e-35
1.155	-265.0295962322924	-0.46730803364798407	-15318968198373212e-26	36512879853199815e-35
1.16	-265.02990652007327	-0.4669246523323415	-11252152857481645e-26	3945860826000453e-34
1.165	-265.0299494513383	-0.46641470758684495	-7633773690967257e-26	40794765363938814e-35
1.17	-265.0297217349763	-0.4658062379340182	-4603664754314102e-26	38165649730781823e-35
1.175	-265.02923284337055	-0.46513030138069744	-22767047150755545e-27	3359067554018568e-34
1.18	-265.02850474558534	-0.4644194164078875	-7383521993891633e-27	4113790143943779e-34
1.185	-265.0275710310608	-0.46370601750720086	-41405541747823196e-29	38034122823480343e-35
1.19	-265.02647545832394	-0.4630209976548018	-2041122407455599e-27	38447317591914337e-35
1.195	-265.02526999154725	-0.4623924019916348	-12096970926243373e-27	41578917394557243e-35
1.2	-265.02401241353454	-0.46184432609310244	-3007319380492208e-26	3854740411241921e-34
1.205	-265.0227636252025	-0.4613960592560232	-5514410055175605e-26	3966122579693951e-34
1.21	-265.02158475835455	-0.4610614989752824	-862028276505286e-25	3910863304834617e-34
1.215	-265.02053423940026	-0.4608488480236024	-12190860335187911e-26	41219911193132445e-35
1.22	-265.01966494541693	-0.460760591067846	-16074313246874984e-26	4164558692655904e-34
1.225	-265.0190215917149	-0.4607937342848582	-20107371049202656e-26	4168824041410026e-34
1.23	-265.01863848023413	-0.4609402796136456	-24122042397666467e-26	4216440060199832e-34
1.235	-265.01853772258505	-0.4611878956182254	-2795246534978994e-25	41226070484747303e-35
1.24	-265.01872802961213	-0.46152073980892105	-3144160900415387e-25	4108363485660903e-34
1.245	-265.01920413325263	-0.46192038290052506	-344475560127872e-24	40616671253295e-32
1.25	-265.0199468765571	-0.4623667839323165	-3684911690776376e-25	39708344361224325e-35
1.255	-265.0209239756879	-0.4628392663432134	-38550557658374955e-26	36186778263791733e-35
1.26	-265.0220914252993	-0.46331744875029357	-39485258888487864e-26	38406338033655453e-35
1.265	-265.02339548700115	-0.46378208996290265	-39618171365262376e-26	38996539320092265e-35
1.27	-265.0247751716165	-0.46421581522719085	-38946979686626817e-26	41361507984364364e-35
1.275	-265.0261651011616	-0.4646036993209401	-37501941275502726e-26	4283677244326828e-34
1.28	-265.0274986161303	-0.46493369135583035	-3534441608280941e-25	3820597300736726e-34
1.285	-265.02871098089315	-0.4651968754490311	-32564154275875576e-26	3820096764010653e-34
1.29	-265.02974253282923	-0.46538757027619626	-2927546313005954e-25	4073165132871632e-34
1.295	-265.03054162231683	-0.46550327846016004	-25612411615718615e-26	4406720107056568e-34
1.3	-265.031067198592	-0.4655445034028603	-21723270351102714e-26	42114167620727066e-35
1.305	-265.031290912371	-0.46551445625829685	-17764415922290413e-26	4215224558805532e-34
1.31	-265.03119862783285	-0.4654186791009618	-13893947178808046e-26	41761192177981816e-35
1.315	-265.03079126414923	-0.46526461191373353	-10265272979562938e-26	39155770953743437e-35
1.32	-265.0300849182757	-0.465061130856075	-7020931144409906e-26	40500421871472604e-35
1.325	-265.02911025512594	-0.4648180835330542	-4286887613591481e-26	40015620533286377e-35
1.33	-265.02791118657296	-0.46454584390880294	-2167544812162983e-26	3933583423873276e-34
1.335	-265.0265428954673	-0.46425490540097203	-7416580164231491e-27	40341855483919273e-35
1.34	-265.02506929328933	-0.4639555259051077	-5932047710869477e-28	41484797074114254e-35
1.345	-265.02356002852264	-0.46365743339814364	-14013326472389559e-28	3884476409497629e-34
1.35	-265.02208718572956	-0.46336959572116987	-9726264050832087e-27	37788582825256954e-35
1.355	-265.02072183207906	-0.4631000534796299	-2514946028874209e-26	37166086970226077e-35
1.36	-265.01953057689036	-0.4628558110092784	-46967702432612706e-27	3817781090616785e-34
1.365	-265.0185723109889	-0.4626427772626669	-7422366277361367e-26	4117606848142125e-34
1.37	-265.0178952857424	-0.46246574641964266	-10574655870064645e-26	41907065685596913e-35
1.375	-265.0175346767203	-0.462328407080716	-14020115756782098e-26	4151246127563829e-34
1.38	-265.0175107548839	-0.46223336904683643	-1761430797541192e-25	38838685238242555e-35
1.385	-265.0178277601566	-0.46218219782740816	-21207810937123245e-26	39393070026801475e-35
1.39	-265.01847353890764	-0.4621754489854558	-2465230831593536e-25	39657268739258667e-35
1.395	-265.01941997056207	-0.4622126970075663	-27806588663529184e-26	3924007942899391e-34
1.4	-265.02062417048205	-0.4622925563202501	-30542214173592913e-26	40103124685787566e-35
1.405	-265.0220304183938	-0.462412695090042	-3274863213183841e-25	39042832378580903e-35
1.41	-265.02357272616405	-0.4625698452702277	-3433752718097711e-25	39297257004700913e-35
1.415	-265.0251779265184	-0.4627598147397778	-3524624386693573e-25	40433345718109013e-35
1.42	-265.0267691382195	-0.46297750910868374	-35440147534296717e-26	42247194192587386e-35
1.425	-265.0282694433312	-0.4632169716762679	-34913834928425094e-26	381989990273354e-33
1.43	-265.02960560052196	-0.4634714500306262	-336911531940124e-24	3952136522450656e-34
1.435	-265.03071161481967	-0.463733496840731	-3182403321970666e-25	40670513600315273e-35
1.44	-265.03153198955636	-0.463995110565212	-2939019227743833e-25	38906386590246693e-35
1.445	-265.0320245001652	-0.4642479191979668	-26489805877398053e-26	3970314260717521e-34
1.45	-265.0321623510349	-0.46448340696636814	-23241289995419097e-26	39249520696477794e-35
1.455	-265.0319356054302	-0.4646931803193908	-19776370720417454e-26	3846080543736357e-34
1.46	-265.03135181277236	-0.4648692658496644	-1623464634033133e-25	36863913733435907e-35
1.465	-265.0304357957307	-0.46500442926166374	-12757866421033067e-26	36871083260534567e-35
1.47	-265.02922860010403	-0.465092501403468	-948416255514585e-25	3864302250508574e-34
1.475	-265.02778565117876	-0.4651286949749725	-6542465930865154e-26	39613400296732e-32
1.48	-265.0261741988842	-0.4651098940271027	-4047337676172412e-26	42022455980972964e-35
1.485	-265.02447016959115	-0.4650348979378343	-20944194860685032e-27	3977397383079346e-34
1.49	-265.02275457197516	-0.46490460228751834	-756684883853128e-26	41688472923333446e-35
1.495	-265.0211096273173	-0.4647221009825647	-8163768387602904e-28	3789861751850049e-34
1.5	-265.01961480942714	-0.46449269703980717	-8956447190978777e-28	3991938543067782e-34
1.505	-265.01834298527365	-0.4642238135144937	-772904015534803e-26	3818272432876589e-34
1.51	-265.0173568440426	-0.4639248009352255	-2096751069646483e-26	4035326262903972e-34
1.515	-265.01670579005133	-0.463606643042239	-40004657751330565e-27	3906668936456312e-34
1.52	-265.01642345351956	-0.46328156830850725	-6400315414411656e-26	385178892215498e-33
1.525	-265.0165259448586	-0.46296258032957427	-9193034396318499e-26	38955165189229253e-35
1.53	-265.0170109427864	-0.46266292535858355	-12260151686705185e-26	39184664040400877e-35
1.535	-265.01785766679313	-0.46239551971493914	-1547290501077687e-25	3971566768622586e-34
1.54	-265.0190277422634	-0.4621723632163081	-18697538714391574e-26	40026337254285016e-35
1.545	-265.02046692298313	-0.46200396693082635	-2180076811506677e-25	41025273130912077e-35
1.55	-265.0221075940592	-0.46189882424529766	-2465518758676789e-25	4189578389523641e-34
1.555	-265.0238719398818	-0.4618629533971873	-27144402605033314e-26	3950637194570802e-34
1.56	-265.0256756284979	-0.4618995372109479	-29167679196561434e-26	39518958741334526e-35
1.565	-265.0274318377212	-0.4620086818895498	-30643924580761787e-26	41310648852744423e-35
1.57	-265.0290554303974	-0.46218731150205783	-31514841337121904e-26	40479590834532625e-35
1.575	-265.03046707768533	-0.4624292085193479	-3174713212014708e-25	40206985052648894e-35
1.58	-265.03159713017476	-0.4627252036902486	-3133367131465449e-25	41237723506221844e-35
1.585	-265.0323890476207	-0.4630635110799969	-30293603342233683e-26	3945132854243483e-34
1.59	-265.0328022181165	-0.46343019660161755	-28671371669283644e-26	40995517570846864e-35
1.595	-265.0328140258556	-0.4638097612612675	-2653472538884807e-25	42361389413337807e-35
1.6	-265.0324210623801	-0.46418581400130277	-2397179369150597e-25	39833871625670024e-35
1.605	-265.0316394167652	-0.46454180381535276	-21087353767539507e-26	4121719208251141e-34
1.61	-265.03050402469745	-0.464861777033256	-1799845145123961e-25	390351882032904e-33
1.615	-265.0290671016802	-0.46513112356055675	-14829557915444838e-26	4113490158524148e-34
1.62	-265.0273957304787	-0.4653372755563737	-11707463153510917e-26	41237808900553083e-35
1.625	-265.02556871409297	-0.4654703235957694	-8756115592645119e-26	41285746817121077e-35
1.63	-265.02367284215563	-0.4655235187443132	-6091617757653451e-26	40425333564697494e-35
1.635	-265.02179874789306	-0.46549363402850397	-3817579250762596e-26	40896938321052894e-35
1.64	-265.0200365538092	-0.4653811652826453	-2021012148663582e-26	42194016447093355e-35
1.645	-265.018471515673	-0.4651903589763441	-7689302680559349e-27	4607669926055893e-34
1.65	-265.0171798759577	-0.4649290629998165	-105784282483562e-26	5250639091387423e-34
1.655	-265.016225128629	-0.46460840508359647	-5182977302402989e-28	6043633890887786e-34
1.66	-265.0156548788468	-0.4642423121130614	-6024871526774893e-27	7084145749136643e-34
1.665	-265.0154984531074	-0.46384689162159753	-172871208694786e-25	8297296803334566e-34
1.67	-265.0157653798633	-0.46343970379220223	-3378354256138993e-26	966513118455989e-33
1.675	-265.0164448193186	-0.4630389579955085	-5478442618100688e-26	11164205320925513e-34
1.68	-265.01750597530145	-0.46266267193684063	-7938298289368872e-26	12705787240020302e-34
1.685	-265.0188994747366	-0.46232783365741503	-10653343231507703e-26	14122517020638021e-34
1.69	-265.0205596532623	-0.4620496068090445	-13509445429513793e-26	15500090821798797e-34
1.695	-265.0224076411937	-0.4618406177756875	-16387620304991784e-26	16800458920102761e-34
1.7	-265.02435510464596	-0.4617103594308914	-19168894601802663e-26	18055500722774302e-34
1.705	-265.02630846404713	-0.46166474077969266	-21739133495495085e-26	19394410214209974e-34
1.71	-265.0281733882149	-0.46170580471056055	-23993634434371103e-26	2099788983242977e-33
1.715	-265.02985934779645	-0.4618316279278395	-2584130211190421e-25	22905351388830027e-34
1.72	-265.03128400763956	-0.4620364082567249	-27208237530323437e-26	25272088036670712e-34
1.725	-265.032377244674	-0.4623107353602033	-2804059950550946e-25	28158470705493282e-34
1.73	-265.0330845947092	-0.4626420319398553	-2830662804326335e-25	31475395853057335e-34
1.735	-265.033369958394	-0.4630151441644117	-2799775440604403e-25	35190851196933995e-34
1.74	-265.03321743172944	-0.46341305279993705	-2712876082431023e-25	3937019564258392e-33
1.745	-265.0326321681176	-0.4638176706679556	-25736992025403204e-26	438184417813694e-32
1.75	-265.03164022580034	-0.46421068792597375	-2388065938277447e-25	485125179717848e-32
1.755	-265.03028740317006	-0.4645744244495982	-21636314926528553e-26	5333782292957387e-33
1.76	-265.02863711387204	-0.464892648404326	-19095605242493677e-26	5818723568233517e-33
1.765	-265.0267674001154	-0.4651513219273011	-16361443160821732e-26	6303535602346191e-33
1.77	-265.02476722519435	-0.46533923859558346	-13543757078597113e-26	6772756871696792e-33
1.775	-265.0227322214471	-0.4654485228366984	-10754993024967442e-26	7241222533298968e-33
1.78	-265.0207600974188	-0.4654749683566289	-8105552693316145e-26	7716508076893087e-33
1.785	-265.01894592514054	-0.465418200661299	-56993514444640865e-27	8240528461897223e-33
1.79	-265.0173775353662	-0.46528165742290933	-36296738103085036e-27	8846846770652985e-33
1.795	-265.0161312442715	-0.4650723893513838	-1975490637252705e-26	9587663587752291e-33
1.8	-265.0152681199759	-0.46480069292615384	-7983822792620731e-27	10497440454962346e-33
1.805	-265.0148309719336	-0.4644795943918129	-14018697525976384e-28	11597722331244136e-33
1.81	-265.0148422119347	-0.46412421142663657	-21463714170014123e-29	12909552229670813e-33
1.815	-265.01530269374257	-0.46375102451700645	-4408256616012199e-27	144303618494105e-31
1.82	-265.0161915914006	-0.4633770940483558	-13751648888590586e-27	16153049620693728e-33
1.825	-265.0174673260492	-0.46301926127577225	-27807530968200723e-27	1806235330983562e-32
1.83	-265.0190695002649	-0.4626933715811049	-4595167701928921e-26	20150239033560966e-33
1.835	-265.02092175004816	-0.46241355677280305	-6739959482711889e-26	2241803326369289e-32
1.84	-265.0229353795394	-0.46219160974825463	-912394834203484e-25	24890599039673264e-33
1.845	-265.02501360523104	-0.4620364798165259	-11647008863683292e-26	27610479807597944e-33
1.85	-265.02705620629195	-0.4619539106465317	-14204188280608898e-26	3065802483976023e-32
1.855	-265.02896435702223	-0.4619462355004401	-16689987026887395e-26	3413220383759825e-32
1.86	-265.03064540803445	-0.46201233651647455	-19002626723113935e-26	3814174229633148e-32
1.865	-265.03201738440316	-0.46214776672397045	-21048132430076248e-26	4279353727294957e-32
1.87	-265.03301298182186	-0.4623450256136855	-22744065150317757e-26	48162783803257e-30
1.875	-265.033582865663	-0.46259397183758255	-24022756391973615e-26	5430232267442772e-32
1.88	-265.0336981108212	-0.46288235032340685	-24833918372051303e-26	6120767872935181e-32
1.885	-265.03335166142097	-0.4631964060560142	-25146530117807716e-26	6880948640240632e-32
1.89	-265.0325587367375	-0.4635215532240766	-24949930125735775e-26	7697010089538144e-32
1.895	-265.0313561602781	-0.46384306650160606	-2425407903336071e-25	8546619628212496e-32
1.9	-265.02980064151086	-0.4641467609897499	-23088989566391368e-26	9403819875948371e-32
1.905	-265.02796609024716	-0.46441962875518006	-2150335446457931e-25	10239215976006919e-32
1.91	-265.02594009103467	-0.4646504028580111	-19562434847632192e-26	11027726068430995e-32
1.915	-265.0238197059993	-0.4648300240759472	-1734530034970092e-25	1175252423230372e-31
1.92	-265.0217068075808	-0.46495199095047934	-14941537264608775e-26	12413644863214766e-32
1.925	-265.0197031659545	-0.46501258000376655	-12447561013965766e-26	13031685611991717e-32
1.93	-265.0179055285336	-0.4650109296664351	-9962683778776879e-26	136470880888881e-30
1.935	-265.0164009298363	-0.4649489882664837	-7585096631318799e-26	1431745536010031e-31
1.94	-265.0152624596326	-0.464831333012132	-5407927693743407e-26	1510584140429803e-31
1.945	-265.01454569543307	-0.4646648729312527	-3515533682006989e-26	16075042393203761e-32
1.95	-265.01428597391157	-0.4644584539208402	-19801718446039043e-27	17278018271129746e-32
1.955	-265.0144966354515	-0.4642223881756778	-859183180114959e-26	18756987374293534e-32
1.96	-265.01516832922186	-0.4639679331338007	-19279654519529287e-28	20536958645291524e-32
1.965	-265.0162694149034	-0.46370674659408473	-26376842663757812e-30	22627342489214073e-32
1.97	-265.01774744418077	-0.46345034479860925	-2909983442679474e-27	25019067150228887e-32
1.975	-265.0195316526075	-0.4632095890711764	-10408896454743109e-27	2769610380196195e-31
1.98	-265.0215363434093	-0.4629942241742204	-22168720239514913e-27	3064404373850437e-31
1.985	-265.0236650011483	-0.4628124880586788	-3766622653836768e-26	33869667714097364e-32
1.99	-265.02581493755827	-0.4626708083548492	-56231716041613096e-27	37409335211731797e-32
1.995	-265.0278822455439	-0.46257359604084475	-7707711324529796e-26	4133824853298072e-31
2	-265.02976682192565	-0.46252314150484475	-9932861495697007e-26	4576137025631317e-31
2.005	-265.0313772157684	-0.4625196129693665	-1220625374717562e-25	5080481102845557e-31
2.01	-265.03263506702274	-0.46256115224115485	-1443428892489838e-25	5659500081062581e-31
2.015	-265.03347891966246	-0.46264405823741955	-16525913917300884e-26	6323994856410008e-31
2.02	-265.03386722338814	-0.46276304492920634	-18396265673339652e-26	7080656815758088e-31
2.025	-265.03378037702015	-0.4629115574011086	-19970036853754771e-26	7930084127896759e-31
2.03	-265.03322171286834	-0.4630821277653479	-21184430172245209e-26	8864993295175092e-31
2.035	-265.03221737253455	-0.4632667517418799	-21991586299350074e-26	9869325875507922e-31
2.04	-265.03081507830336	-0.4634572668216025	-2236039241583146e-25	10918739482359968e-31
2.045	-265.0290818578341	-0.46364571400783194	-22277604156872587e-26	11982550038625452e-31
2.05	-265.02710083071753	-0.46382466707347475	-21748241717530048e-26	13026774605985699e-31
2.055	-265.02496721107025	-0.4639875159269773	-2079525016362477e-25	14018335901142208e-31
2.06	-265.0227837187605	-0.46412869386784106	-19458443362398797e-26	149310740491395e-29
2.065	-265.0206556205678	-0.46424384202855545	-1779277928579164e-25	15753253451562106e-31
2.07	-265.01868564115046	-0.46432990793625695	-15866040672934695e-26	1649419166162861e-30
2.075	-265.0169689901877	-0.4643851786763984	-13756018177463798e-26	17186815826677874e-31
2.08	-265.0155887466852	-0.46440925241356246	-11547312294792063e-26	17884338611541562e-31
2.085	-265.01461182476675	-0.4644029548577488	-9327884833737113e-26	1865181631368201e-30
2.09	-265.0140857170232	-0.46436820952632507	-7185499905176547e-26	19555348435584497e-31
2.095	-265.0140361742965	-0.4643078722550523	-52041979820535e-24	20651821525484646e-31
2.1	-265.01446593540805	-0.4642255413078392	-3460944393929671e-26	2198072287732512e-30
2.105	-265.0153545697084	-0.46412535462345283	-202258574894329e-25	23558387380416326e-31
2.11	-265.01665944126415	-0.46401178525683273	-9432345628907857e-27	2537541650348583e-30
2.115	-265.01831774938745	-0.4638894450019257	-26218437996638838e-28	27399460115734815e-31
2.12	-265.0202495475483	-0.4637629046286603	-2435644076689555e-29	295862154512192e-29
2.125	-265.0223615957286	-0.4636365372635497	-1698874307874631e-27	31899420104988425e-31
2.13	-265.024551860119	-0.46351438933310285	-7532229096623132e-27	34335149707456076e-31
2.135	-265.0267144429049	-0.46340008132540755	-17244881994292393e-27	3693959522950274e-30
2.14	-265.02874470367203	-0.46329673854906805	-3040336277475395e-26	39809966700992565e-31
2.145	-265.03054432433805	-0.46320695021132485	-46438809736977227e-27	4307975009268459e-30
2.15	-265.0320260722285	-0.4631327536066189	-6467081903893338e-26	46901477200550754e-31
2.155	-265.0331180302023	-0.4630756390818449	-8433560438315355e-26	51435888436937795e-31
2.16	-265.0337670883191	-0.4630365707733172	-10461730254057413e-26	568410179119628e-29
2.165	-265.03394152740066	-0.4630160179070505	-12468114302791047e-26	6325076072005148e-30
2.17	-265.03363256845535	-0.46301399169710455	-14370713561430188e-26	707447384642764e-29
2.175	-265.03285481224	-0.4630300835174721	-16092291932379772e-26	7932074983557677e-30
2.18	-265.0316455467698	-0.4630635009820733	-1756344609993529e-25	8887676601496852e-30
2.185	-265.0300629556383	-0.4631130997490187	-18725338785057237e-26	9920257015689834e-30
2.19	-265.02818331324335	-0.46317741015753644	-19531988231059797e-26	10998281460789515e-30
2.195	-265.02609730220183	-0.46325465909403674	-1995202528442951e-25	1208181216687201e-29
2.2	-265.02390563089153	-0.46334278865557077	-19969851344571847e-26	131268991844295e-28
2.205	-265.0217141631441	-0.46343947413330705	-19586154860815748e-26	14091917064990987e-30
2.21	-265.01962879578696	-0.46354214449292197	-18817769988959052e-26	1494468445800028e-29
2.215	-265.01775033221463	-0.4636480088245095	-17696887466834365e-26	1566868520995887e-29
2.22	-265.01616960038274	-0.46375409214045027	-16269653690044726e-26	1626680068826297e-29
2.225	-265.014963051942	-0.46385728341539867	-14594218336187465e-26	16761880775083896e-30
2.23	-265.0141890560102	-0.46395439791734155	-12738312717118982e-26	17194326569972026e-30
2.235	-265.0138850674789	-0.46404225473039523	-10776459442231075e-26	17616358091257437e-30
2.24	-265.01406580740513	-0.4641177690006815	-8786928198081646e-26	18082687624116724e-30
2.245	-265.01472254404484	-0.46417805694747516	-6848561919028933e-26	18641045178856497e-30
2.25	-265.01582350976855	-0.46422055018577435	-50376019757458826e-27	19328633800577577e-30
2.255	-265.01731543395266	-0.46424311452094735	-342464011447495e-25	20175497966696617e-30
2.26	-265.01912611794313	-0.46424416721560247	-20718188492400354e-27	21209453634441332e-30
2.265	-265.02116792745346	-0.46422278589465094	-10303911485949297e-27	22458272506969947e-30
2.27	-265.02334203356935	-0.4641788018319125	-3387350334270753e-27	23949742968151142e-30
2.275	-265.0255431967299	-0.46411287040664345	-20899735856677937e-29	25712488752195047e-30
2.28	-265.0276648621117	-0.4640265120632098	-8573814148320973e-28	27779357787048363e-30
2.285	-265.02960431946866	-0.4639221181456711	-5266562593815799e-27	3019295565377116e-29
2.29	-265.0312676773163	-0.4638029174763464	-13219854333372355e-27	3301058639694964e-29
2.295	-265.0325744104208	-0.4636729014350188	-2435957954010644e-26	36304183696205416e-30
2.3	-265.0334612600626	-0.46353670747585735	-3820242665485558e-26	4015150371053332e-29
2.305	-265.0338852980593	-0.46339946337344784	-5415975025697535e-26	4461887170661228e-29
2.31	-265.03382600590317	-0.46326659688005367	-7156196725688682e-26	4974024843114892e-29
2.315	-265.0332862682278	-0.4631436177596048	-8968604129003129e-26	5549835424656305e-29
2.32	-265.03229223237224	-0.4630358811946508	-1077849305956175e-25	6181222245466573e-29
2.325	-265.03089204086456	-0.46294834320594097	-12511780289544166e-26	6853564931665028e-29
2.33	-265.02915349823706	-0.4628853198621579	-1409797972730333e-25	7547105770947175e-29
2.335	-265.0271607852348	-0.4628502625979176	-15473013861615123e-26	8239747909238711e-29
2.34	-265.02501037977186	-0.4628455618409598	-16581748374902138e-26	8910114634645524e-29
2.345	-265.0228063823288	-0.4628723903496599	-1738014968283702e-25	9539717511011259e-29
2.35	-265.0206554724341	-0.4629305961951715	-1783698096891179e-25	10114709722917901e-29
2.355	-265.01866174069335	-0.4630186532415257	-17934971380122523e-26	10628514344460504e-29
2.36	-265.0169216469176	-0.4631336743736542	-17671414671177796e-26	11084688449190211e-29
2.365	-265.01551934862977	-0.46327148972044674	-17058176893849217e-26	1149730227256853e-28
2.37	-265.0145226264743	-0.4634267888696238	-16121116796772993e-26	1188712039583909e-28
2.375	-265.01397960378733	-0.4635933227410409	-14898946435272736e-26	12275138893594435e-29
2.38	-265.0139164193614	-0.4637641575564211	-13441582076422155e-26	12677376774698762e-29
2.385	-265.0143359659463	-0.4639319703932767	-11808055830995015e-26	131042493468602e-27
2.39	-265.0152177555193	-0.46408937330960987	-10064075654311247e-26	13564802224406091e-29
2.395	-265.0165189175644	-0.46422925112117697	-8279334728691432e-26	14072819918641942e-29
2.4	-265.0181762818615	-0.46434509672614743	-6524680328296249e-26	14650728216315748e-29
2.405	-265.0201094444627	-0.46443132748542326	-48692568692540054e-27	1532895120442197e-28
2.41	-265.02222466808007	-0.46448356662499435	-3377737918368559e-26	16141445057398015e-29
2.415	-265.0244194276806	-0.46449887492636666	-21077575219909584e-27	17120234574075906e-29
2.42	-265.02658738066094	-0.46447592006472216	-11076424780036547e-27	18291760826076096e-29
2.425	-265.02862352068246	-0.4644150737520627	-414534424442764e-26	19676220895684995e-29
2.43	-265.03042926526194	-0.46431843021197694	-5297437107595761e-28	21289178948957636e-29
2.435	-265.0319172304696	-0.46418974329058127	-3400324837460535e-28	2314363448344168e-28
2.44	-265.0330154614798	-0.4640342835062692	-35481100785888955e-28	2525081389306149e-28
2.445	-265.0336709139482	-0.4638586203540518	-998944651651023e-26	2761895399682502e-28
2.45	-265.0338520178012	-0.463670339001824	-19370631755056896e-27	30250736081733685e-29
2.455	-265.03355019935725	-0.46347770394300003	-3128205634863126e-26	3314124233097051e-28
2.46	-265.03278028836775	-0.46328928501992633	-45215182102443e-24	3627855649022373e-28
2.465	-265.0315797906864	-0.4631135633488229	-605836803115903e-25	39647096832725056e-29
2.47	-265.03000706202386	-0.4629585359392106	-7674756318379318e-26	43229345331655405e-29
2.475	-265.0281384719485	-0.4628313381343685	-9303931737461395e-26	4699988192795347e-28
2.48	-265.02606469570435	-0.4627379023721061	-10879097241951926e-26	509130506567557e-27
2.485	-265.0238863141632	-0.46268267020142095	-12336100485617046e-26	5489584336481911e-28
2.49	-265.02170893521384	-0.46266837205646505	-13615999211822432e-26	5885593264205344e-28
2.495	-265.0196380734951	-0.46269588610369344	-14667398758985482e-26	6270290474672747e-28
2.5	-265.01777403655535	-0.46276418369328876	-1544846867589391e-25	6637259741824049e-28
2.505	-265.01620706552774	-0.4628703647529183	-1592855902431921e-25	6984391181846353e-28
2.51	-265.01501296559275	-0.463009782067779	-16089353735985486e-26	7314074425965412e-28
2.515	-265.01424943802414	-0.463176249020577	-15925517729240478e-26	763177580132198e-27
2.52	-265.01395329122573	-0.46336232123794685	-1544481557628805e-25	7943734103732884e-28
2.525	-265.0141386656267	-0.46355963891835	-1466770140201757e-25	8255198013674946e-28
2.53	-265.0147963581253	-0.46375931358784256	-13626401348196512e-26	857049707652943e-27
2.535	-265.0158942783431	-0.46395234079956416	-12363530310118676e-26	8895108206183194e-28
2.54	-265.01737901403646	-0.4641300189761337	-10930302838929647e-26	9238446115380316e-28
2.545	-265.01917842946733	-0.4642843542596724	-938441344115517e-25	9615475115710799e-28
2.55	-265.0212051701993	-0.46440843189899805	-7787673605222032e-26	10045933197286475e-28
2.555	-265.023360904127	-0.46449673633639094	-620350153128679e-25	1055142678274995e-27
2.56	-265.0255410927697	-0.46454540467305505	-46943655734591616e-27	11151806777383518e-28
2.565	-265.02764006139654	-0.4645524014667154	-33192836394276724e-27	11862390830628173e-28
2.57	-265.0295561219673	-0.46451760667929964	-2131478073843111e-26	12692896882926304e-28
2.575	-265.03119650063417	-0.4644428128529561	-11762788623942346e-27	1364803096055161e-27
2.58	-265.03248183093694	-0.46433163203174327	-4893575519517279e-27	14729064627775266e-28
2.585	-265.0333499951139	-0.4641893173417541	-953605491713635e-27	15935596597182762e-28
2.59	-265.03375912760464	-0.46402250827269387	-6994069109280517e-29	17266872999711764e-28
2.595	-265.0336896354509	-0.4638389123633371	-22459467003252805e-28	18722328533988185e-28
2.6	-265.0331451381759	-0.46364693900145604	-736199756383736e-26	20301281830999013e-28
2.605	-265.03215228195035	-0.46345530325817563	-15181123759192352e-27	22001947705899177e-28
2.61	-265.0307594376259	-0.4632726189838587	-25359348032567537e-27	23820093904121163e-28
2.615	-265.0290343461662	-0.4631070007380518	-3746026544772466e-26	25747666566964253e-28
2.62	-265.02706082610916	-0.4629656935021558	-50973253077821375e-27	2777145110484142e-27
2.625	-265.0249347030764	-0.46285474757034906	-6533454934120441e-26	29871565769518865e-28
2.63	-265.0227591589571	-0.46277875361946996	-7995032987737116e-26	320199287003775e-26
2.635	-265.02063972647954	-0.46274064985179864	-9422083077637982e-26	34179982589864675e-28
2.64	-265.01867917196466	-0.4627416094497012	-10756453330075262e-26	36309750021231896e-28
2.645	-265.01697251437975	-0.4627810125681202	-11944142824903454e-26	3836917160437938e-27
2.65	-265.015602422055	-0.4628565029256761	-12937442381509536e-26	403298004218763e-26
2.655	-265.0146352100749	-0.4629641249487185	-13696804742469165e-26	4218239564525933e-27
2.66	-265.01411763211195	-0.46309853357962427	-14192371435455347e-26	439380798557284e-26
2.665	-265.0140746218948	-0.4632532654697006	-14405098456457365e-26	4562231695546363e-27
2.67	-265.01450809337666	-0.4634210575006319	-14327439519401063e-26	4726620183868718e-27
2.675	-265.015396857348	-0.4635941965453117	-13963563448947115e-26	48902168746454606e-28
2.68	-265.0166976580823	-0.46376488317774467	-13329100905141328e-26	5056804787711284e-27
2.685	-265.01834727929906	-0.46392559171704173	-1245043424240765e-25	5231648005237965e-27
2.69	-265.02026561694197	-0.46406940954202625	-11363562092027975e-26	5422192962019753e-27
2.695	-265.0223595694317	-0.46419033999475123	-1011258675808457e-25	56378672810601095e-28
2.7	-265.0245275564883	-0.46428355531684673	-8747887417906325e-26	58888744817928224e-28
2.705	-265.02666444724827	-0.46434558880882754	-7324054746445326e-26	6184462212353554e-27
2.71	-265.028666658652	-0.46437445861728166	-5897671945973001e-26	6531399039184384e-27
2.715	-265.030437176823	-0.46436971906529045	-4525032512437348e-26	69332562301531726e-28
2.72	-265.0318902582093	-0.4643324390643825	-32598863324933585e-27	739071033147963e-26
2.725	-265.0329555825445	-0.4642651106949625	-21513033353538814e-27	7902685955492913e-27
2.73	-265.03358165672637	-0.46417149434172233	-1241738442248876e-26	846790027602298e-26
2.735	-265.0337383046926	-0.46405640965869877	-5653732544903085e-27	9086289141507028e-27
2.74	-265.0334181231028	-0.46392548398354827	-1467989321869029e-27	9759856953897763e-27
2.745	-265.03263683250304	-0.46378487151708747	-912430422764939e-30	10492654911441527e-27
2.75	-265.0314325074211	-0.4636409575673376	-12831319393552416e-28	11289815658944623e-27
2.755	-265.0298637230385	-0.46350006239792496	-5234635361234909e-27	1215580819704563e-26
2.76	-265.028006708693	-0.4633681587310366	-11668713883065473e-27	13092273962901849e-27
2.765	-265.02595164643094	-0.4632506157828648	-203001896970743e-25	14095938355681989e-27
2.77	-265.0237982943809	-0.4631519809382958	-3075756793153656e-26	1515716183824116e-26
2.775	-265.02165114727563	-0.463075807911491	-4259859497782738e-26	162596841715977e-25
2.78	-265.0196143688113	-0.46302453762346585	-5532856609858583e-26	17381960747982195e-27
2.785	-265.0177867415741	-0.4629994352036123	-6842061567836e-23	1850011083190995e-26
2.79	-265.01625687927447	-0.4630005836417947	-8133714801173045e-26	19591888096554584e-27
2.795	-265.01509893331956	-0.4630269318317378	-9355152790378457e-26	20640435447207374e-27
2.8	-265.0143690016399	-0.46307639219420876	-1045691497873825e-25	21636336349953803e-27
2.805	-265.01410241361975	-0.463145980872561	-1139470413542248e-25	22577104125327278e-27
2.81	-265.0143120225448	-0.4632319917520614	-12131123091924423e-26	2346477596718355e-26
2.815	-265.014987587993	-0.4633301943381478	-12637121214701083e-26	24303838993453643e-27
2.82	-265.01609627784325	-0.4634360448778967	-12893096700742998e-26	25101939127606288e-27
2.825	-265.017584265317	-0.46354490003064286	-1288961474799343e-25	25874050883114422e-27
2.83	-265.01937934330067	-0.46365222286486973	-12627716082430196e-26	26648015288306162e-27
2.835	-265.02139442905707	-0.46375377192765765	-12118805158564384e-26	2746764680190002e-26
2.84	-265.0235317892467	-0.46384576552308165	-11384123118132772e-26	28390351736456823e-27
2.845	-265.02568778026557	-0.46392501505128464	-10453827576818431e-26	294789576803284e-25
2.85	-265.0277578741195	-0.4639890231917476	-936571869046117e-25	30790450071936724e-27
2.855	-265.02964172615793	-0.4640360447457551	-8163666817864522e-26	3236582546034532e-26
2.86	-265.0312480389914	-0.46406510996920713	-689580945210357e-25	3422468667497853e-26
2.865	-265.03249898701324	-0.4640760121188323	-561259299296252e-25	3636612716027053e-26
2.87	-265.0333339871028	-0.4640692626051094	-4364738759870583e-26	38775077572732466e-27
2.875	-265.0337126328999	-0.46404601851611704	-3201213418977814e-26	4143163458202326e-26
2.88	-265.0336166505688	-0.4640079882896946	-21672825144205644e-27	44320361098657215e-27
2.885	-265.0330507815472	-0.463957321933537	-13027222709512191e-27	47436959480475234e-27
2.89	-265.03204254950765	-0.4638964924137625	-6402591074348111e-27	5079063785084901e-26
2.895	-265.0306409231238	-0.46382817466868553	-2042981438844597e-27	5440154640594788e-26
2.9	-265.0289139395878	-0.4637551281909321	-9991298823721838e-29	5829369085144011e-26
2.905	-265.0269454041768	-0.46368008831438984	-6268244850949695e-28	6248470106566887e-26
2.91	-265.0248308259288	-0.46360567031257655	-35775188713910454e-28	6697469160651938e-26
2.915	-265.02267278653676	-0.46353428924171586	-8808656062109324e-27	7173703231851521e-26
2.92	-265.02057596693345	-0.46346809722877624	-16086175772691145e-27	767138936444549e-25
2.925	-265.018642072577	-0.46340893869488675	-25095362858531844e-27	81818674034351e-24
2.93	-265.01696490347865	-0.46335832289459417	-35454112122437245e-27	8694570483278155e-26
2.935	-265.01562580775794	-0.46331741220566425	-4672881629004475e-26	9198514596802038e-26
2.94	-265.01468973906486	-0.4632870238745446	-5845219642856705e-26	9683855580806643e-26
2.945	-265.0142021088785	-0.4632676424414459	-7014232342937739e-26	1014297769216015e-25
2.95	-265.01418658611317	-0.46325943985104723	-8132204581454338e-26	10570805878368592e-26
2.955	-265.01464395064284	-0.46326230029548915	-9153804432907373e-26	10964562628361858e-26
2.96	-265.01555205621537	-0.4632758471125449	-10037877423232396e-26	11323714336440355e-26
2.965	-265.0168669044559	-0.4632994695350763	-10749062201993704e-26	11650895448825783e-26
2.97	-265.018524777962	-0.4633323477071609	-11259168034321397e-26	11953926361031317e-26
2.975	-265.0204453289462	-0.46337347508640825	-1154826231264592e-25	12248001839500707e-26
2.98	-265.02253547382963	-0.4634216780779771	-11605424565563698e-26	1255648944432649e-25
2.985	-265.0246939050304	-0.46347563342816134	-1142913385979592e-25	1290911703276772e-25
2.99	-265.0268160012481	-0.46353388448550775	-11027270803135295e-26	1333753267399249e-25
2.995	-265.02879889839073	-0.46359485786518406	-10416733647656238e-26	13869568003466733e-26
3	-265.0305464753553	-0.4636568822892948	-9622688018607696e-26	14524233424771283e-26
3.005	-265.03197401311536	-0.4637182114003513	-8677488077335062e-26	15309178796338023e-26
3.01	-265.0330123013838	-0.46377705215068643	-7619320747586837e-26	16221321032181884e-26
3.015	-265.03361099378185	-0.46383159996868917	-6490633306435003e-26	1725016195845461e-25
3.02	-265.03374104900524	-0.4638800813216716	-5336409248427618e-26	183825194079157e-24
3.025	-265.0333961396209	-0.4639208035764697	-4202359531592735e-26	1960717495112702e-25
3.03	-265.0325929602562	-0.46395221125739516	-31330973088345994e-27	20918197225079263e-26
3.035	-265.03137042014737	-0.4639729469784393	-2170364450596573e-26	22316193539997483e-26
3.04	-265.0297877591229	-0.4639819145491527	-13513773311531981e-27	23807277841622795e-26
3.045	-265.027921678306	-0.463978341086388	-7073568230909689e-27	2540002784823999e-25
3.05	-265.025862624424	-0.4639618344666766	-26230240132071447e-28	27101112860561595e-26
3.055	-265.0237104077455	-0.4639324321774248	-3206202527372206e-28	2891058258479994e-25
3.06	-265.02156936589273	-0.4638906376056352	-23737832714209233e-29	3081796464363628e-25
3.065	-265.01954330786964	-0.46383744006164634	-23545305057034862e-28	3280026000347576e-25
3.07	-265.01773048309565	-0.4637743153742804	-656488863081778e-26	34822603375979556e-26
3.075	-265.0162188194371	-0.463703204697909	-12677825348028863e-27	36841760723767373e-26
3.08	-265.0150816607407	-0.46362647020368886	-20427611896478222e-27	3881183333168391e-25
3.085	-265.01437421061075	-0.46354682753785525	-2948470579037209e-26	4069073505278723e-25
3.09	-265.0141308547035	-0.4634672562506652	-3946946173383672e-26	42445605007384234e-26
3.095	-265.01436349139254	-0.4633908907557929	-4996766083731642e-26	4405578115707193e-25
3.1	-265.0150609518326	-0.46332089568837975	-6054722183390872e-26	4551342904698158e-25
3.105	-265.0161895376368	-0.463260330707172	-707754659002443e-25	4682372096145099e-25
3.11	-265.01769465024586	-0.46321201075301377	-8023633081960625e-26	480071500018491e-24
3.115	-265.01950343322335	-0.4631783684624563	-8854694174013971e-26	491049613445411e-24
3.12	-265.02152829960744	-0.4631613257845555	-9537292969501192e-26	5018530152917083e-25
3.125	-265.0236711735474	-0.46316218182277574	-10044185957849368e-26	5134495300632191e-25
3.13	-265.0258282408089	-0.4631815235040745	-10355412691731211e-26	5270199468342335e-25
3.135	-265.0278949781522	-0.46321916486837467	-10459075224362681e-26	5437876688097902e-25
3.14	-265.0297712178446	-0.46327411960025094	-10351766346459388e-26	564797345264075e-24
3.145	-265.0313660021303	-0.46334460994153226	-10038628973543616e-26	5907192753040414e-25
3.15	-265.0326019922828	-0.463428113395822	-9533054159430737e-26	621748211259392e-24
3.155	-265.03341921869867	-0.46352144675171375	-885604634482268e-25	6576258463630486e-25
3.16	-265.0337779901581	-0.46362088500638393	-8035298161170923e-26	6977695689095008e-25
3.165	-265.0336608212234	-0.4637223108714872	-7104023417423424e-26	7414579539088808e-25
3.17	-265.0330732841836	-0.4638213887934904	-6099598350523052e-26	7880146286455525e-25
3.175	-265.03204374405703	-0.4639137559220685	-5062061115297718e-26	8369424958671487e-25
3.18	-265.030621989338	-0.46399522130294424	-4032520379347795e-26	8879803890721365e-25
3.185	-265.02887682449	-0.46406196382904674	-30515268261738716e-27	9410761084455509e-25
3.19	-265.02689274069326	-0.46411071921048747	-21574657962041842e-27	9962893755259581e-25
3.195	-265.0247658258829	-0.4641389464477156	-13850334117329573e-27	10536540813794456e-25
3.2	-265.02259911204936	-0.46414496501728064	-7638600165106966e-27	11130400298431548e-25
3.205	-265.0204975851145	-0.4641280551813721	-3173416248769746e-27	11740576817473923e-25
3.21	-265.0185630989793	-0.46408851546014074	-6173139958737019e-28	12360415297132024e-25
3.215	-265.0168894401553	-0.46402767328581185	-5529532623200843e-29	12981257243060627e-25
3.22	-265.0155577820685	-0.46394784709372144	-1491933146000797e-27	13593911832762232e-25
3.225	-265.0146327492861	-0.4638522604872211	-4851724872204861e-27	14190280918513437e-25
3.23	-265.0141592825415	-0.4637449115197849	-9982606271242927e-27	14764427605142046e-25
3.235	-265.01416045653934	-0.46363040244304965	-16662422302158363e-27	15312626626199674e-25
3.24	-265.0146363565293	-0.4635137373528254	-2460806740816915e-26	1583256073080213e-24
3.245	-265.01556406822573	-0.46340009691296	-33486940717132475e-27	16322511524734206e-25
3.25	-265.016898781985	-0.463294600653679	-4293030905972115e-26	1678167100225642e-24
3.255	-265.0185759578933	-0.4632020681492902	-5254813036814308e-26	17212249408945326e-25
3.26	-265.0205144472219	-0.4631267906316317	-619448478384411e-25	176229468218902e-23
3.265	-265.0226204192377	-0.46307232426707634	-707355976848868e-25	18032139789578347e-25
3.27	-265.02479190337505	-0.4630413154254813	-7856217082588213e-26	18468619049127298e-25
3.275	-265.0269237268618	-0.4630353668368453	-8510796040519545e-26	18968435581924267e-25
3.28	-265.0289126086793	-0.4630549516323254	-9011107691776683e-26	19568152995438058e-25
3.285	-265.0306621632206	-0.4630993799924218	-9337488226768262e-26	202966299521591e-23
3.29	-265.0320875711806	-0.46316682058756065	-947753960658127e-25	2116831651799217e-24
3.295	-265.03311969137246	-0.46325437632291416	-9426531096099527e-26	2218047977023833e-24
3.3	-265.0337084142443	-0.4633582112242952	-9187463352407822e-26	23315156567931592e-25
3.305	-265.0338250943644	-0.4634737227612057	-8770817343124187e-26	2454485168398824e-24
3.31	-265.03346394389143	-0.4635957516278909	-8194021497416514e-26	25839868869606715e-25
3.315	-265.0326423192445	-0.463718819109898	-7480674410115171e-26	27175026769415122e-25
3.32	-265.0313998867772	-0.4638373807512396	-665956088284406e-25	28534196521913807e-25
3.325	-265.0297967075829	-0.4639460841798959	-5763498731501379e-26	2991209637277502e-24
3.33	-265.0279103338481	-0.46404001869296213	-48280538161540186e-27	31313578685650204e-25
3.335	-265.0258320572229	-0.46411494456301794	-389016198161724e-25	32751032159926063e-25
3.34	-265.02366249060765	-0.4641674909870731	-2986699797595621e-26	3424061344162731e-24
3.345	-265.02150669724733	-0.4641953131128431	-2153051037258712e-26	3579802115957098e-24
3.35	-265.01946910294646	-0.46419720056753544	-14217211839213457e-27	3743450510008723e-24
3.355	-265.01764843774293	-0.4641731322822799	-8210555341999456e-27	3915371416458437e-24
3.36	-265.01613295213633	-0.4641242750315806	-3741156782254167e-27	40949778221030766e-25
3.365	-265.01499613961556	-0.46405292585859137	-9776353723042212e-28	428067110117673e-23
3.37	-265.01429317279735	-0.46396240129536737	-19923718390903542e-30	4469890660258777e-24
3.375	-265.0140582260343	-0.4638568788746523	-8953182462389096e-28	4659233113925117e-24
3.38	-265.01430281441776	-0.4637411987360317	-3557409623615136e-27	4844616088564601e-24
3.385	-265.01501522983347	-0.46362063503975415	-7887910126825765e-27	5021516968293387e-24
3.39	-265.01616110183295	-0.4635006483221792	-13701292218163485e-27	5185390083157242e-24
3.395	-265.0176850563253	-0.46338663078757225	-20752077003257957e-27	5332392836960634e-24
3.4	-265.019513392156	-0.46328365679353406	-28744560396445393e-27	5460457528796502e-24
3.405	-265.0215576461313	-0.46319625044070784	-3734472045405675e-26	5570521343458982e-24
3.41	-265.0237188740326	-0.4631281812448416	-46193979341998936e-27	5667480612180436e-24
3.415	-265.0258924403912	-0.46308229740149665	-54924369014212997e-27	5760345819588606e-24
3.42	-265.02797308509656	-0.4630604042295163	-6317446807481984e-26	5861256778173267e-24
3.425	-265.02986002145286	-0.46306319309978194	-7060527444344062e-26	59834266727397195e-25
3.43	-265.03146181872137	-0.46309022363872654	-7691502635644956e-26	6138534058573803e-24
3.435	-265.03270083268376	-0.46313995937102304	-8185196999166364e-26	63343570329891865e-25
3.44	-265.03351696953337	-0.46320985436511214	-8522425328368879e-26	6573403988028104e-24
3.445	-265.03387060063693	-0.463296485999782	-869064808796908e-25	6852947284886235e-24
3.45	-265.0337444869037	-0.4633957268004915	-8684288747869066e-26	7166371917836185e-24
3.455	-265.03314461927516	-0.46350294650511903	-8504743923782457e-26	7505340935869143e-24
3.46	-265.0320999343538	-0.46361323419523615	-8160136183627732e-26	7862108379902148e-24
3.465	-265.03066091862667	-0.46372162952980234	-7664860211930844e-26	823138494171222e-23
3.47	-265.0288971686293	-0.46382335187505996	-7038960643157783e-26	861138355400605e-23
3.475	-265.0268940249239	-0.46391401643979524	-6307362595227242e-26	900392783644108e-23
3.48	-265.0247484426107	-0.46398982737333777	-54989622926268756e-27	9413718997307508e-24
3.485	-265.02256429837865	-0.4640477391124421	-464558115586935e-25	9846995230889188e-24
3.49	-265.020447361068	-0.4640855789946785	-3780794007939256e-26	10309881974218377e-24
3.495	-265.0185001694621	-0.4641021261970767	-2938657635789913e-26	10806735251168893e-24
3.5	-265.016817065266	-0.464097144297439	-21523837031777215e-27	11338739799297288e-24
3.505	-265.0154796219905	-0.46407136707695773	-14530134539014536e-27	11902953280578253e-24
3.51	-265.01455269123744	-0.4640264394657485	-8681568408695379e-27	1249190040226822e-23
3.515	-265.01408125797866	-0.4639648176640413	-42085562928878634e-28	13093730342266196e-24
3.52	-265.01408825750013	-0.46388963434721886	-12862154079658906e-28	13692879835745037e-24
3.525	-265.01457345979213	-0.4638045363928596	-26900853145897567e-30	14271166066925886e-24
3.53	-265.0155134758693	-0.4637135036862553	-475205371348832e-27	14809294806798548e-24
3.535	-265.0168628858748	-0.46362065821963283	-2605633099111491e-27	152888854680532e-22
3.54	-265.0185564346995	-0.46353007288103626	-6323081949233906e-27	15695171300153686e-24
3.545	-265.0205121889117	-0.4634455890348562	-11466211363780628e-27	16020359220730353e-24
3.55	-265.02263550233437	-0.46337065125778687	-1781372954607206e-26	16267145464585868e-24
3.555	-265.0248235981892	-0.4633081664620378	-2509357288806512e-26	16451252803014644e-24
3.56	-265.02697054587384	-0.4632603931835181	-32994809855309236e-27	1660152837376286e-23
3.565	-265.0289723911965	-0.4632288651209491	-4118183706808539e-26	16756576932528174e-24
3.57	-265.030732191476	-0.4632143511779978	-4931007451313493e-26	16958159146373047e-24
3.575	-265.03216471163086	-0.46321685238390065	-5704203075526854e-26	1724309950094353e-23
3.58	-265.0332005537317	-0.46323563424645464	-6406245987750865e-26	17636328184650266e-24
3.585	-265.03378952012713	-0.46326929141754236	-7009147378308165e-26	18147334892895497e-24
3.59	-265.03390304727316	-0.46331584010548177	-7489487934796019e-26	18770922465274313e-24
3.595	-265.03353559228435	-0.46337283251694583	-7829153101593843e-26	19491528620597534e-24
3.6	-265.03270490497925	-0.4634374868020907	-8015793793037949e-26	2028935352162653e-23
3.605	-265.03145117197994	-0.46350682553706807	-8043060794633256e-26	21146381511984385e-24
3.61	-265.02983507406736	-0.46357781571586676	-7910662017526415e-26	2205086757758244e-23
3.615	-265.0279348506592	-0.4636475035242799	-7624275520414467e-26	22999548823132883e-24
3.62	-265.0258425133022	-0.46371313779993184	-719532809076205e-25	23997457045935133e-24
3.625	-265.023659391461	-0.46377227699474205	-664062889246668e-25	2505566232179748e-23
3.63	-265.0214912262415	-0.4638228755868985	-598183698157874e-25	26187573579616386e-24
3.635	-265.0194430495659	-0.4638633471667237	-5244743433937419e-26	27404576661041625e-24
3.64	-265.0176140969549	-0.46389260276867694	-4458362533415036e-26	28711815074806337e-24
3.645	-265.01609300020766	-0.46391006436188387	-36538473519360606e-27	301048271113701e-22
3.65	-265.0149534930973	-0.46391565467298496	-28632664778741997e-27	3156756194033581e-23
3.655	-265.0142508380749	-0.46390976563053965	-21182948205338967e-27	33072030527299705e-24
3.66	-265.0140191472256	-0.46389320863804895	-144887985665156e-25	345795571282875e-22
3.665	-265.01426972746356	-0.46386715056245287	-8819465963518875e-27	3604339243870286e-23
3.67	-265.01499053025543	-0.4638330397426451	-4402030175145854e-27	3741246936524028e-23
3.675	-265.016146732781	-0.46379252647154834	-14110539012682237e-28	3863635591646214e-23
3.68	-265.0176824225913	-0.46374738229360735	39592653679294405e-30	3967171868611856e-23
3.685	-265.0195233044425	-0.4636994221115136	-978064890839649e-28	40490333096370516e-24
3.69	-265.0215802982776	-0.4636504325473436	-1802537805122975e-27	41087589623614496e-24
3.695	-265.02375385411113	-0.46360210930160345	-498668581730951e-26	41489112345656065e-24
3.7	-265.02593877460436	-0.4635560054520046	-9499906999222768e-27	4175267785761173e-23
3.705	-265.0280293113947	-0.4635134917896194	-15137439066050618e-27	4196362565809777e-23
3.71	-265.02992428787906	-0.4634757294599189	-21650694636448287e-27	42223691129951284e-24
3.715	-265.0315320000984	-0.46344365441299035	-28759554503087016e-27	4263482690329356e-23
3.72	-265.03277465819406	-0.4634179725154911	-36165388856078416e-27	4328109681144973e-23
3.725	-265.0335921534732	-0.4633991636727888	-4356389911961909e-26	44213121305335356e-24
3.73	-265.03394496898187	-0.46338749297655135	-5065707599305617e-26	4543986076354382e-23
3.735	-265.0338160930047	-0.46338302674175946	-5716386634777203e-26	4693072308839119e-23
3.74	-265.03321184308595	-0.46338565132557197	-6282944897947947e-26	4862749463825966e-23
3.745	-265.03216156078133	-0.4633950928144002	-6743324418284272e-26	5046221104160907e-23
3.75	-265.030716191819	-0.46341093599903926	-7079586382645592e-26	5237548697824092e-23
3.755	-265.02894582010197	-0.4634326414962576	-7278513676898027e-26	54330415566088875e-24
3.76	-265.02693627477197	-0.4634595603781507	-7332115769368281e-26	563191588854396e-22
3.765	-265.0247849743448	-0.4634909461923951	-723800827163657e-25	5836169090262232e-23
3.77	-265.02259620904977	-0.46352596475319485	-6999622670545554e-26	6049807106401717e-23
3.775	-265.0204760898181	-0.46356370251195994	-662619814552956e-25	6277681302708829e-23
3.78	-265.0185274085488	-0.4636031746423302	-6132519302544284e-26	6524231035269994e-23
3.785	-265.0168446586697	-0.4636433341687536	-5538386793259619e-26	6792394295955173e-23
3.79	-265.0155094573272	-0.46368308351362914	-48678339615825895e-27	708285820339997e-22
3.795	-265.0145865909724	-0.46372128972873583	-41481244715304095e-27	7393703725989803e-23
3.8	-265.0141208761401	-0.46375680441898437	-3408580261681159e-26	7720392516832072e-23
3.805	-265.0141349875191	-0.4637884889765546	-2679297616724215e-26	8055982945721215e-23
3.81	-265.01462835870814	-0.4638152452504103	-19898148772860677e-27	8391469472650279e-23
3.815	-265.01557720906965	-0.46383605121554256	-13677999758027775e-27	8716215119741989e-23
3.82	-265.0169356955868	-0.4638500006209667	-8378282201004399e-27	9018562530963696e-23
3.825	-265.0186381342112	-0.46385634503124495	-4203173865247025e-27	9286804154839554e-23
3.83	-265.020602183298	-0.4638545361786327	-13067610490840956e-28	9510682621111458e-23
3.835	-265.022732835085	-0.4638442661549357	21295962274208856e-29	9683407735775045e-23
3.84	-265.0249270216332	-0.46382550272984263	31736818458511403e-29	9803826878089198e-23
3.845	-265.02707861152214	-0.4637985170144484	-9722373334341397e-28	9878020937474672e-23
3.85	-265.02908355442975	-0.46376390081241353	-3576768257771109e-27	9919475827720427e-23
3.855	-265.03084492340565	-0.46372257132155414	-7363973040474072e-27	9947304698804073e-23
3.86	-265.03227760993286	-0.46367576135848454	-12155290574774845e-27	9982726388582597e-23
3.865	-265.0333124442534	-0.4636249939566131	-17734527546708934e-27	10044803098590768e-23
3.87	-265.03389954191357	-0.46357204099976035	-23857840984059347e-27	10146852986578722e-23
3.875	-265.03401071542964	-0.4635188664554707	-3026443593885149e-26	10294722637820098e-23
3.88	-265.03364083526765	-0.4634675557114589	-36687386071983876e-27	10487353930696322e-23
3.885	-265.0328080751104	-0.463420233439412	-4286405886732308e-26	10719222410804021e-23
3.89	-265.0315530297526	-0.4633789732537846	-48545766933455306e-27	10983664996405439e-23
3.895	-265.0299367483583	-0.46334570314507745	-5350643597346746e-26	11276013420197177e-23
3.9	-265.02803777781196	-0.46332211119537203	-57550221794736065e-27	11595713788743522e-23
3.905	-265.0259483589905	-0.46330955638867316	-6051807519372955e-26	119470429902844e-21
3.91	-265.02376995966574	-0.46330898937792986	-6229323267175674e-26	12338450575362008e-23
3.915	-265.0216083601524	-0.4633208878494223	-628055296992749e-25	12780849474382796e-23
3.92	-265.0195685295663	-0.4633452106317469	-6203434152372052e-26	13285312558916457e-23
3.925	-265.01774954086034	-0.46338137394627155	-6000990440315039e-26	13860626292893562e-23
3.93	-265.0162397709801	-0.463428252219166	-5681278513291206e-26	14511062272726528e-23
3.935	-265.0151126187832	-0.46348420471713725	-525713411718287e-25	15234611351402509e-23
3.94	-265.0144229481833	-0.4635471279862703	-4745711446820656e-26	16021827839965022e-23
3.945	-265.01420442905305	-0.4636145327331934	-416781988334374e-25	16855374916732684e-23
3.95	-265.01446790483527	-0.46368364246068305	-354707103391511e-25	17710345420180586e-23
3.955	-265.01520086633934	-0.4637515099306977	-29088597543967236e-27	1855543635821293e-22
3.96	-265.01636805760097	-0.46381514644637634	-22792181085398028e-27	19355056375508724e-23
3.965	-265.0179131850399	-0.4638716580862726	-1683600795517607e-26	20072417293383967e-23
3.97	-265.01976164769167	-0.4639183824422546	-1145679511454979e-26	20673568492602933e-23
3.975	-265.0218241565973	-0.46395301914775183	-6862338452078257e-27	21132127862408553e-23
3.98	-265.02400106794954	-0.46397374755940934	-32222081522841526e-28	21434117500922504e-23
3.985	-265.02618721928786	-0.46397932537907355	-6608350261762186e-28	21581895353924772e-23
3.99	-265.02827703305564	-0.4639691627626353	7467132135352951e-28	21595902088869604e-23
3.995	-265.0301696383363	-0.46394336752714693	9762523254239886e-28	2151310774680538e-22
4	-265.03177376085466	-0.4639027583911505	5347704287043223e-29	21381808945252946e-23
4.005	-265.0330121432171	-0.4638488447026574	-1949287472658151e-27	21253633505104249e-23
4.01	-265.0338252813649	-0.4637837727498685	-4918227668890083e-27	21174761897290833e-23
4.015	-265.0341742975062	-0.4637102404275454	-870464620851904e-26	21178885199004234e-23
4.02	-265.0340428125901	-0.4636313836593896	-13132520089888549e-27	2128395106067889e-22
4.025	-265.0334377299496	-0.46355063946659336	-18006477327618174e-27	2149344876985416e-22
4.03	-265.03238889395504	-0.4634715918447002	-2311971837831109e-26	21801426688782078e-23
4.035	-265.0309476410338	-0.4633978075949735	-28261546608955706e-27	22199300063332296e-23
4.04	-265.02918431302055	-0.46333266989696154	-33224345399852746e-27	2268219989374651e-22
4.045	-265.0271848522534	-0.463279217667061	-3781000228239155e-26	2325309443519272e-22
4.05	-265.0250466421309	-0.4632399986043346	-4183589532451775e-26	2392382363596956e-22
4.055	-265.02287379331136	-0.46321694327961005	-45140593956113085e-27	24713109970132976e-23
4.06	-265.02077210304174	-0.4632112666993595	-4758936942735403e-26	2564227830171104e-22
4.065	-265.01884393130825	-0.4632234025132445	-4907947074635649e-26	26729753746693536e-23
4.07	-265.01718324182576	-0.46325297349359507	-4954494410685554e-26	27985460666400203e-23
4.075	-265.01587104825865	-0.4632988001723255	-48960616289342374e-27	29406116625593934e-23
4.08	-265.01497148655517	-0.4633589476621355	-4734477012982305e-26	30972192126044736e-23
4.085	-265.01452870415767	-0.4634308088086492	-4476002698743141e-26	32647044353322635e-23
4.09	-265.01456471734116	-0.4635112200135167	-4131200965799118e-26	34378444998451176e-23
4.095	-265.0150783411851	-0.46359660442861805	-37145485134649475e-27	36102398501036825e-23
4.1	-265.0160452448175	-0.4636831358325244	-32437893652130666e-27	37748794849459746e-23
4.105	-265.0174191300189	-0.4637669154346209	-27390474014178442e-27	39248132079476795e-23
4.11	-265.0191339769061	-0.4638441531661862	-22217572206538646e-27	4053841305970205e-22
4.115	-265.0211072484236	-0.46391134474763174	-17135078823578022e-27	41571466231713843e-23
4.12	-265.0232438985803	-0.46396543598340934	-12349140013462348e-27	42318269179631635e-23
4.125	-265.0254409897914	-0.4640039663239916	-8046213465691336e-27	4277306738193551e-22
4.13	-265.0275926943096	-0.46402518471962095	-4385196306662284e-27	42955907458898565e-23
4.135	-265.029595435226	-0.46402813212473515	-14918731322015135e-28	42912731792287304e-23
4.14	-265.03135291511865	-0.46401268662931383	5444780175445949e-28	42711908333846434e-23
4.145	-265.0327807859859	-0.4639795690138313	1672680050765498e-27	4243654247582539e-22
4.15	-265.0338107325075	-0.46393030845734645	18797817607281675e-28	42173242290953075e-23
4.155	-265.0343937709114	-0.46386717007614037	11899004905056412e-28	4199965369221045e-22
4.16	-265.0345026057885	-0.4637930478343645	-3381500087007498e-28	41974140365758956e-23
4.165	-265.0341329342915	-0.463711328052808	-2614396583527991e-27	4213071836608745e-22
4.17	-265.03330363861784	-0.4636257301620973	-552228091166184e-26	4248070051496282e-22
4.175	-265.03205586058687	-0.46354013243058334	-8924030942060878e-27	43020166679044335e-23
4.18	-265.03045100473764	-0.4634583910932412	-12666507286841529e-27	43740425374194444e-23
4.185	-265.02856776626976	-0.4633841615828904	-16587188690021514e-27	4463787568041908e-22
4.19	-265.02649832608097	-0.4633207304095259	-20520021081105288e-27	4572025341723392e-22
4.195	-265.0243438946959	-0.4632708656572154	-24300967622631363e-27	4700769074846645e-22
4.2	-265.0222098185303	-0.46323669310345233	-27773223646342575e-27	485286581235259e-21
4.205	-265.0202004836385	-0.4632196036630851	-3079215660889528e-26	5031216291790582e-22
4.21	-265.0184142627006	-0.46322019628624617	-3323006422762522e-26	5237830755948965e-22
4.215	-265.016938749686	-0.46323825867772195	-3498080454252953e-26	5472945111470293e-22
4.22	-265.01584651324504	-0.46327278634403946	-35964255257213736e-27	573438813154541e-21
4.225	-265.01519157529503	-0.4633220386087825	-36130434859631006e-27	6017323800400825e-22
4.23	-265.01500678631885	-0.4633836284593823	-35462991540643504e-27	6314409542140342e-22
4.235	-265.0153022255971	-0.4634546414881132	-33981657953703667e-27	6616328098912938e-22
4.24	-265.01606470511194	-0.463531777844492	-31743200934453276e-27	6912585527625515e-22
4.245	-265.017258402372	-0.463611510089151	-28840397222878915e-27	7192434734983005e-22
4.25	-265.0188265928765	-0.4636902491782969	-25398680715838074e-27	7445790764984641e-22
4.255	-265.0206943996544	-0.4637645105402436	-21570361454131796e-27	7664047579298016e-22
4.26	-265.02277242775915	-0.4638310723382113	-1752668530135748e-26	784076971567159e-21
4.265	-265.02496110824245	-0.4638871185336083	-1344838376535962e-26	7972284668848971e-22
4.27	-265.02715554059694	-0.46393036023750767	-9515610060333829e-27	8058203939201884e-22
4.275	-265.02925059698816	-0.4639591300149719	-58981693834257434e-28	8101829242014672e-22
4.28	-265.0311460372465	-0.4639724452224756	-27467521608777666e-28	8110281918739401e-22
4.285	-265.03275138202775	-0.4639700380384969	-18560971526552272e-29	8094114694573639e-22
4.29	-265.0339903033116	-0.46395235150981873	16930725426592996e-28	8066227164820251e-22
4.295	-265.0348043167511	-0.46392050259857	28328948370470572e-28	804014229396635e-21
4.3	-265.0351555973397	-0.4638762147933144	3214828944718598e-27	8028018987936392e-22
4.305	-265.03502878593156	-0.46382172426340235	28564948595e-22	8038994496837294e-22
4.31	-265.03443170552964	-0.46375966471883473	18091506368016132e-28	8078415483780336e-22
4.315	-265.0333949595296	-0.46369293703168535	1527305503076596e-28	8148211786329914e-22
4.32	-265.0319704364391	-0.4636245702410582	-2010423164552864e-27	8248233446059991e-22
4.325	-265.0302287954275	-0.46355758078311826	-4562310780174173e-27	8378019582538383e-22
4.33	-265.0282560531783	-0.4634948366615119	-7375706385658636e-27	85383493420916e-20
4.335	-265.02614943367894	-0.46343893281955484	-10319678811579548e-27	8732060533314938e-22
4.34	-265.024012677525	-0.46339208322788716	-13263928565979856e-27	8963914597223251e-22
4.345	-265.02195103379637	-0.46335603420580046	-16081992268179778e-27	9239599541865774e-22
4.35	-265.02006617415316	-0.463332002309209	-18653621030742314e-27	956418893185074e-21
4.355	-265.0184512738085	-0.4633206388084125	-20866788980725072e-27	9940471706659629e-22
4.36	-265.01718649730276	-0.4633220214156403	-2261983251808973e-26	1036754524285481e-21
4.365	-265.0163351081718	-0.46333567257617375	-2382417115811992e-26	10839960528287809e-22
4.37	-265.01594039221277	-0.46336060237711646	-24407919695239938e-27	1134756609719664e-21
4.375	-265.0160235450385	-0.46339537301496747	-24320462595219977e-27	11876052843867995e-22
4.38	-265.01658262829307	-0.46343818084921623	-2353772968275841e-26	12408081938450767e-22
4.385	-265.01759264738104	-0.46348695139304885	-22067529910187725e-27	12924799485977255e-22
4.39	-265.019006749442	-0.463539442179092	-1995396136686335e-26	134075111180248e-20
4.395	-265.0207584860109	-0.46359334829784116	-17279748093756567e-27	13839306505240786e-22
4.4	-265.02276503297236	-0.4636464055341598	-1416546586922074e-26	14206480731734868e-22
4.405	-265.0249312134532	-0.4636964864041447	-10765032073163423e-27	14499679670974901e-22
4.41	-265.02715412905854	-0.4637416849884882	-7257448529318804e-27	14714766147583788e-22
4.415	-265.0293281735501	-0.4637803872279874	-3835411090175009e-27	14853415679031702e-22
4.42	-265.03135018212396	-0.46381132424229193	-6918562833179131e-28	1492337516117552e-21
4.425	-265.03312446066184	-0.4638336072016894	19942655832784474e-28	14938189804297896e-22
4.43	-265.03456744395794	-0.46384674327010933	4071660176403047e-27	14916137263603162e-22
4.435	-265.03561175088134	-0.4638506330948944	5428501117548992e-27	14878232831262647e-22
4.44	-265.03620943694307	-0.4638455511975717	6001142633809299e-27	14845512075713058e-22
4.445	-265.03633428858745	-0.46383211137724795	5778643405514936e-27	14836210316524674e-22
4.45	-265.03598305494626	-0.46381121983802553	48023683544526245e-28	1486368711891362e-21
4.455	-265.035175567211	-0.46378401916626255	3160547906248588e-27	1493579925444202e-21
4.46	-265.0339537495586	-0.4637518264982886	9784667532951545e-28	15055928512778313e-22
4.465	-265.0323795760885	-0.4637160692340889	-15942691834442504e-28	15225250845431389e-22
4.47	-265.03053207450216	-0.4636782214819193	-4397412762247125e-27	15445382801681036e-22
4.475	-265.0285035188226	-0.46363974408824954	-7272625152681275e-27	15720443493342362e-22
4.48	-265.0263949894983	-0.4636020306493585	-10073179505953964e-27	16057822390391441e-22
4.485	-265.02431150893324	-0.46356636135282997	-12669828851366088e-27	16467399396233874e-22
4.49	-265.0223569816027	-0.4635338658969824	-14952741312495468e-27	16959437996772281e-22
4.495	-265.0206291793618	-0.463505496123896	-16830249449892116e-27	1754172210421046e-21
4.5	-265.0192150124194	-0.46348200841372256	-1822578017744712e-26	18216664143052808e-22
4.505	-265.01818631480376	-0.4634639553593407	-19074624064848532e-27	18979073996118258e-22
4.51	-265.01759634978674	-0.46345168579896223	-1932213466742151e-26	19815088776235076e-22
4.515	-265.0174772070475	-0.4634453519518039	-18924543129291855e-27	20702489388937624e-22
4.52	-265.0178382209486	-0.4634449221912406	-17852901119369015e-27	21612344292667616e-22
4.525	-265.0186654902943	-0.46345019790458314	-16099842364447158e-27	22511684574666258e-22
4.53	-265.0199225266973	-0.463460832923559	-1368803829003259e-26	23366764024742078e-22
4.535	-265.0215520039169	-0.4634763541513811	-10678595888896208e-27	24146404043442822e-22
4.54	-265.0234785267208	-0.46349618224018413	-71773640457893315e-28	248249601588685e-20
4.545	-265.0256122875528	-0.4635196514611527	-3337260002669314e-27	25384562544510203e-22
4.55	-265.02785343490973	-0.4635460282299499	6447320662335958e-28	25816456107989923e-22
4.555	-265.03009694102417	-0.46357452807291677	4536442138664566e-27	2612145028467179e-21
4.56	-265.03223772967743	-0.46360433111589205	8084959152071804e-27	26309609243120537e-22
4.565	-265.03417580973075	-0.46363459642320637	11035532594055539e-27	2639930438038145e-21
4.57	-265.03582115727875	-0.4636644756894285	13153178442542715e-27	264156298047035e-20
4.575	-265.03709810088407	-0.46369312687962133	14244751762109668e-27	2638808129054404e-21
4.58	-265.0379489901744	-0.46371972842046705	14178948652629756e-27	2634749250947922e-21
4.585	-265.0383369676168	-0.4637434944676595	12901658205501074e-27	26322562337926985e-22
4.59	-265.03824771316556	-0.4637636916202759	1044439483517385e-26	2633672809629316e-21
4.595	-265.03769008730376	-0.4637796572304416	6924257880298066e-27	2640633782028643e-21
4.6	-265.0366956546718	-0.46379081918025294	2534953148601701e-27	26540827654476423e-22
4.605	-265.0353171238029	-0.46379671668761085	-2470273369357862e-27	2674495598262131e-21
4.61	-265.03362578637746	-0.4637970213852032	-7801630548540476e-27	2702237218284402e-21
4.615	-265.03170808112475	-0.4637915576236461	-13158524457486246e-27	27379263129760037e-22
4.62	-265.0296614436662	-0.46378032071297637	-18254386130353073e-27	2782674998592944e-21
4.625	-265.02758963388004	-0.46376349166337727	-22837139745363094e-27	283811024997917e-20
4.63	-265.02559775657926	-0.46374144693772695	-26702777535887893e-27	29061519143543343e-22
4.635	-265.02378720750124	-0.46371476179619664	-29700939639223914e-27	29885942427244933e-22
4.64	-265.0222507833432	-0.4636842060005567	-3173303961395682e-26	30865926314783723e-22
4.645	-265.021068190208	-0.46365073094731435	-3274495693016184e-26	3200182005039495e-21
4.65	-265.0203021688636	-0.4636154477017814	-32717291426640125e-27	3327945017696496e-21
4.655	-265.01999542776923	-0.46357959588893316	-3165641212241616e-26	34669124136685824e-22
4.66	-265.0201685372917	-0.46354450393546504	-29588984129209023e-27	3612725696978207e-21
4.665	-265.02081889269357	-0.463511541718644	-26561475039238083e-27	3760037409958624e-21
4.67	-265.02192080177963	-0.4634820672264812	-22644644546762893e-27	390307916653435e-20
4.675	-265.0234266982333	-0.4634573693338345	-17941599708082492e-27	4036300179926776e-21
4.68	-265.0252694262113	-0.46343860921408775	-12596995904545096e-27	4154972118405115e-21
4.685	-265.0273654887793	-0.46342676320419496	-68045677736475786e-28	4255668434623942e-21
4.69	-265.02961910452404	-0.46342257009461607	-8103811101428356e-28	4336554496059843e-21
4.695	-265.0319268756898	-0.4634264858065157	5090144442635856e-27	4397463916979905e-21
4.7	-265.0341828392132	-0.4634386482365894	10562476690053759e-27	4439778188139204e-21
4.705	-265.0362836507235	-0.4634588546960754	15250490280993513e-27	4466158682818809e-21
4.71	-265.03813364221827	-0.4634865538567128	18800237882303906e-27	4480190578779228e-21
4.715	-265.0396494981202	-0.46352085346567695	20887958400129556e-27	4485985659929452e-21
4.72	-265.0407643128202	-0.4635605443372314	2124948713741673e-26	44877702376728025e-22
4.725	-265.04143082590514	-0.4636041403126525	19707738673735186e-27	44894788148672884e-22
4.73	-265.0416236773675	-0.4636499330465483	161948907793509e-25	449439502511288e-20
4.735	-265.0413405806385	-0.46369605967160643	10766326335135764e-27	4504913858801614e-21
4.74	-265.0406023705966	-0.4637405806547641	3604204433664709e-27	4522509780055571e-21
4.745	-265.0394519413365	-0.4637815645227597	-4990387670571809e-27	4547958426651466e-21
4.75	-265.0379521400182	-0.4638171756379511	-1461649253644487e-26	4581779635435395e-21
4.755	-265.03618272693586	-0.46384576087904517	-2480197799847263e-26	4624780571093759e-21
4.76	-265.0342365480828	-0.46386593095386713	-3503895309471188e-26	4678522103571947e-21
4.765	-265.03221509653736	-0.4638766321630138	-4482188922265906e-26	4745535795381443e-21
4.77	-265.0302236636468	-0.4638772047509305	-5368387448702861e-26	4829182400187184e-21
4.775	-265.02836629999683	-0.4638674245172254	-6122665937884435e-26	49331427160931836e-22
4.78	-265.02674081830617	-0.4638475250937025	-6714123614184484e-26	5060635618382551e-21
4.785	-265.0254340732811	-0.463818199186234	-7121745673406641e-26	5213536617582583e-21
4.79	-265.0245177457632	-0.46378057809116446	-7334324703228907e-26	5391604045663793e-21
4.795	-265.02404483874807	-0.4637361898711089	-7349582512470234e-26	5592002566913152e-21
4.8	-265.02404706183404	-0.46368689766021554	-7172852397339859e-26	5809251482156447e-21
4.805	-265.0245332391515	-0.463634820606625	-6815707220508534e-26	6035634995631447e-21
4.81	-265.02548882656026	-0.46358224089541566	-6294848555415252e-26	6262015722054418e-21
4.815	-265.02687656936746	-0.4635315010772062	-563143278187885e-25	6478913015765783e-21
4.82	-265.02863827494	-0.4634848965107625	-4850846200551153e-26	6677659434970408e-21
4.825	-265.0306976186637	-0.46344456807718026	-39827992849186807e-27	6851437973578542e-21
4.83	-265.0329638492195	-0.46341240041320664	-3061521186741538e-26	69960283834643415e-22
4.835	-265.0353362131526	-0.4633899307315328	-21258068371629795e-27	7110147727125005e-21
4.84	-265.03770888123245	-0.46337827284977035	-1218689332548522e-26	7195349799301178e-21
4.845	-265.0399761321823	-0.4633780603566755	-38656323431537065e-28	72555356075220666e-22
4.85	-265.0420375342549	-0.4633894119373003	3223402446706103e-27	7296200029481878e-21
4.855	-265.04380286321765	-0.463411920804474	8601311824270832e-27	7323574183140205e-21
4.86	-265.0451965072617	-0.4634446689985828	1181990862587818e-26	734380950027294e-20
4.865	-265.04616113598547	-0.46348626608520294	12492516877709672e-27	7362304301027064e-21
4.87	-265.0466604513009	-0.46353491056792334	10325540158285316e-27	738323027402117e-20
4.875	-265.0466808904331	-0.4635884712058622	5147811948742501e-27	7409298551084651e-21
4.88	-265.04623221064344	-0.4636445844382477	-3065107415115179e-27	7441806090821052e-21
4.885	-265.0453469459236	-0.4637007633168021	-14174175461333821e-27	7480991418946327e-21
4.89	-265.04407878189033	-0.4637545127644811	-27869796573792212e-27	7526677937690494e-21
4.895	-265.0424999428652	-0.46380344564263964	-43676250652719954e-27	7579097104173036e-21
4.9	-265.04069772333645	-0.46384539403572056	-6096894952343885e-26	7639697746827094e-21
4.905	-265.03877032616776	-0.463878510363272	-7900496965359368e-26	7711705240496807e-21
4.91	-265.0368221940007	-0.4639013534002897	-9696593174997412e-26	7800222176949854e-21
4.915	-265.03495903989517	-0.46391295501075325	-1140105409103339e-25	7911758961440997e-21
4.92	-265.03328279843583	-0.46391286434178153	-1293322878346157e-25	8053222220701607e-21
4.925	-265.03188672762565	-0.463901167338608	-14221637342141057e-26	8230532551857479e-21
4.93	-265.03085089250226	-0.46387848066490195	-15208928941803042e-26	8447152804778339e-21
4.935	-265.03023825119635	-0.4638459203839423	-15855500118914663e-26	8702854981509748e-21
4.94	-265.03009154166637	-0.4638050470073371	-1614134561736995e-25	89930243754552e-19
4.945	-265.0304311326177	-0.4637577896848887	-16065997001581087e-26	9308698587939078e-21
4.95	-265.03125395664824	-0.46370635333281895	-15646733547300524e-26	9637389349810027e-21
4.955	-265.03253359015315	-0.46365311332685477	-14915542765890996e-26	9964571862980279e-21
4.96	-265.03422148608513	-0.46360050297974964	-13915487082165364e-26	10275587312926446e-21
4.965	-265.03624930598505	-0.46355089935001703	-12697157891842072e-26	10557618771569872e-21
4.97	-265.038532240176	-0.4635065129724681	-11315776717813213e-26	10801383930508528e-21
4.975	-265.0409731529304	-0.4634692868585435	-9829280597632201e-26	11002240678729446e-21
4.98	-265.04346734573767	-0.4634408095975636	-8297461962116249e-26	11160513647089726e-21
4.985	-265.0459076989599	-0.4634222466268122	-6781973540747761e-26	11281003135463558e-21
4.99	-265.04818993193874	-0.4634142927711203	-53467992259188607e-27	11371803451100562e-21
4.995	-265.0502177150272	-0.4634171480356042	-4058670960665146e-26	11442695752279062e-21
5	-265.0519073746265	-0.4634305174312757	-2986907262372014e-26	11503450318649913e-21

