0.000000 -0.104377 
0.040000 -0.104377 
0.080000 -0.104377 
0.120000 -0.104377 
0.160000 -0.104377 
0.200000 -0.104377 
0.240000 -0.104377 
0.280000 -0.104377 
0.320000 -0.104377 
0.360000 -0.104377 
0.400000 -0.104376 
0.440000 -0.104375 
0.480000 -0.104373 
0.520000 -0.104370 
0.560000 -0.104366 
0.600000 -0.104360 
0.640000 -0.104351 
0.680000 -0.104338 
0.720000 -0.104319 
0.760000 -0.104294 
0.800000 -0.104259 
0.840000 -0.104210 
0.880000 -0.104144 
0.920000 -0.104055 
0.960000 -0.103936 
1.000000 -0.103778 
1.040000 -0.103569 
1.080000 -0.103296 
1.120000 -0.102941 
1.160000 -0.102482 
1.200000 -0.101895 
1.240000 -0.101149 
1.280000 -0.100206 
1.320000 -0.099024 
1.360000 -0.097555 
1.400000 -0.095745 
1.440000 -0.093536 
1.480000 -0.090867 
1.520000 -0.087679 
1.560000 -0.083920 
1.600000 -0.079548 
1.640000 -0.074542 
1.680000 -0.068908 
1.720000 -0.062683 
1.760000 -0.055949 
1.800000 -0.048829 
1.840000 -0.041492 
1.880000 -0.034147 
1.920000 -0.027031 
1.960000 -0.020398 
2.000000 -0.014497 
2.040000 -0.009552 
2.080000 -0.005744 
2.120000 -0.003193 
2.160000 -0.001954 
2.200000 -0.002012 
2.240000 -0.003288 
2.280000 -0.005656 
2.320000 -0.008955 
2.360000 -0.013009 
2.400000 -0.017637 
2.440000 -0.022673 
2.480000 -0.027969 
2.520000 -0.033399 
2.560000 -0.038864 
2.600000 -0.044285 
2.640000 -0.049606 
2.680000 -0.054789 
2.720000 -0.059807 
2.760000 -0.064643 
2.800000 -0.069288 
2.840000 -0.073738 
2.880000 -0.077990 
2.920000 -0.082044 
2.960000 -0.085900 
3.000000 -0.089560 
3.040000 -0.093024 
3.080000 -0.096293 
3.120000 -0.099370 
3.160000 -0.102259 
3.200000 -0.104963 
3.240000 -0.107489 
3.280000 -0.109844 
3.320000 -0.112038 
3.360000 -0.114082 
3.400000 -0.115988 
3.440000 -0.117768 
3.480000 -0.119437 
3.520000 -0.121006 
3.560000 -0.122489 
3.600000 -0.123896 
3.640000 -0.125237 
3.680000 -0.126519 
3.720000 -0.127748 
3.760000 -0.128926 
3.800000 -0.130053 
3.840000 -0.131128 
3.880000 -0.132147 
3.920000 -0.133106 
3.960000 -0.133998 
4.000000 -0.134816 
4.040000 -0.135554 
4.080000 -0.136206 
4.120000 -0.136767 
4.160000 -0.137233 
4.200000 -0.137605 
4.240000 -0.137881 
4.280000 -0.138066 
4.320000 -0.138164 
4.360000 -0.138181 
4.400000 -0.138128 
4.440000 -0.138012 
4.480000 -0.137844 
4.520000 -0.137635 
4.560000 -0.137394 
4.600000 -0.137132 
4.640000 -0.136856 
4.680000 -0.136573 
4.720000 -0.136289 
4.760000 -0.136007 
4.800000 -0.135730 
4.840000 -0.135459 
4.880000 -0.135193 
4.920000 -0.134931 
4.960000 -0.134671 
5.000000 -0.134410 
5.040000 -0.134144 
5.080000 -0.133870 
5.120000 -0.133584 
5.160000 -0.133281 
5.200000 -0.132957 
5.240000 -0.132606 
5.280000 -0.132223 
5.320000 -0.131801 
5.360000 -0.131331 
5.400000 -0.130807 
5.440000 -0.130217 
5.480000 -0.129551 
5.520000 -0.128798 
5.560000 -0.127945 
5.600000 -0.126979 
5.640000 -0.125886 
5.680000 -0.124651 
5.720000 -0.123262 
5.760000 -0.121706 
5.800000 -0.119970 
5.840000 -0.118046 
5.880000 -0.115925 
5.920000 -0.113603 
5.960000 -0.111078 
6.000000 -0.108354 
6.040000 -0.105436 
6.080000 -0.102336 
6.120000 -0.099070 
6.160000 -0.095655 
6.200000 -0.092116 
6.240000 -0.088480 
6.280000 -0.084776 
6.320000 -0.081035 
6.360000 -0.077291 
6.400000 -0.073575 
6.440000 -0.069921 
6.480000 -0.066359 
6.520000 -0.062917 
6.560000 -0.059619 
6.600000 -0.056488 
6.640000 -0.053539 
6.680000 -0.050786 
6.720000 -0.048237 
6.760000 -0.045897 
6.800000 -0.043767 
6.840000 -0.041844 
6.880000 -0.040126 
6.920000 -0.038606 
6.960000 -0.037279 
7.000000 -0.036140 
7.040000 -0.035184 
7.080000 -0.034408 
7.120000 -0.033811 
7.160000 -0.033394 
7.200000 -0.033159 
7.240000 -0.033110 
7.280000 -0.033253 
7.320000 -0.033593 
7.360000 -0.034136 
7.400000 -0.034886 
7.440000 -0.035846 
7.480000 -0.037018 
7.520000 -0.038398 
7.560000 -0.039984 
7.600000 -0.041765 
7.640000 -0.043733 
7.680000 -0.045874 
7.720000 -0.048173 
7.760000 -0.050613 
7.800000 -0.053177 
7.840000 -0.055847 
7.880000 -0.058607 
7.920000 -0.061442 
7.960000 -0.064337 
8.000000 -0.067282 
8.040000 -0.070267 
8.080000 -0.073287 
8.120000 -0.076337 
8.160000 -0.079414 
8.200000 -0.082518 
8.240000 -0.085648 
8.280000 -0.088805 
8.320000 -0.091988 
8.360000 -0.095195 
8.400000 -0.098422 
8.440000 -0.101662 
8.480000 -0.104906 
8.520000 -0.108141 
8.560000 -0.111352 
8.600000 -0.114520 
8.640000 -0.117622 
8.680000 -0.120636 
8.720000 -0.123535 
8.760000 -0.126294 
8.800000 -0.128885 
8.840000 -0.131285 
8.880000 -0.133470 
8.920000 -0.135422 
8.960000 -0.137124 
9.000000 -0.138566 
9.040000 -0.139744 
9.080000 -0.140658 
9.120000 -0.141314 
9.160000 -0.141725 
9.200000 -0.141908 
9.240000 -0.141884 
9.280000 -0.141679 
9.320000 -0.141319 
9.360000 -0.140834 
9.400000 -0.140254 
9.440000 -0.139606 
9.480000 -0.138917 
9.520000 -0.138211 
9.560000 -0.137508 
9.600000 -0.136825 
9.640000 -0.136174 
9.680000 -0.135564 
9.720000 -0.134999 
9.760000 -0.134479 
9.800000 -0.134001 
9.840000 -0.133560 
9.880000 -0.133146 
9.920000 -0.132751 
9.960000 -0.132364 
10.000000 -0.131974 
10.040000 -0.131570 
10.080000 -0.131145 
10.120000 -0.130689 
10.160000 -0.130199 
10.200000 -0.129669 
10.240000 -0.129099 
10.280000 -0.128489 
10.320000 -0.127843 
10.360000 -0.127164 
10.400000 -0.126459 
10.440000 -0.125734 
10.480000 -0.124994 
10.520000 -0.124246 
10.560000 -0.123494 
10.600000 -0.122740 
10.640000 -0.121986 
10.680000 -0.121230 
10.720000 -0.120469 
10.760000 -0.119694 
10.800000 -0.118898 
10.840000 -0.118070 
10.880000 -0.117196 
10.920000 -0.116263 
10.960000 -0.115257 
11.000000 -0.114162 
11.040000 -0.112967 
11.080000 -0.111659 
11.120000 -0.110228 
11.160000 -0.108669 
11.200000 -0.106976 
11.240000 -0.105149 
11.280000 -0.103190 
11.320000 -0.101105 
11.360000 -0.098902 
11.400000 -0.096590 
11.440000 -0.094182 
11.480000 -0.091691 
11.520000 -0.089130 
11.560000 -0.086513 
11.600000 -0.083853 
11.640000 -0.081161 
11.680000 -0.078447 
11.720000 -0.075721 
11.760000 -0.072991 
11.800000 -0.070263 
11.840000 -0.067544 
11.880000 -0.064838 
11.920000 -0.062153 
11.960000 -0.059496 
12.000000 -0.056874 
12.040000 -0.054298 
12.080000 -0.051782 
12.120000 -0.049340 
12.160000 -0.046989 
12.200000 -0.044749 
12.240000 -0.042643 
12.280000 -0.040693 
12.320000 -0.038922 
12.360000 -0.037355 
12.400000 -0.036014 
12.440000 -0.034920 
12.480000 -0.034092 
12.520000 -0.033544 
12.560000 -0.033288 
12.600000 -0.033329 
12.640000 -0.033670 
12.680000 -0.034308 
12.720000 -0.035234 
12.760000 -0.036438 
12.800000 -0.037904 
12.840000 -0.039613 
12.880000 -0.041543 
12.920000 -0.043674 
12.960000 -0.045981 
13.000000 -0.048440 
13.040000 -0.051030 
13.080000 -0.053729 
13.120000 -0.056517 
13.160000 -0.059376 
13.200000 -0.062290 
13.240000 -0.065246 
13.280000 -0.068234 
13.320000 -0.071242 
13.360000 -0.074263 
13.400000 -0.077292 
13.440000 -0.080321 
13.480000 -0.083348 
13.520000 -0.086367 
13.560000 -0.089374 
13.600000 -0.092366 
13.640000 -0.095339 
13.680000 -0.098288 
13.720000 -0.101209 
13.760000 -0.104098 
13.800000 -0.106950 
13.840000 -0.109759 
13.880000 -0.112521 
13.920000 -0.115230 
13.960000 -0.117879 
14.000000 -0.120464 
14.040000 -0.122977 
14.080000 -0.125412 
14.120000 -0.127761 
14.160000 -0.130017 
14.200000 -0.132171 
14.240000 -0.134216 
14.280000 -0.136142 
14.320000 -0.137942 
14.360000 -0.139607 
14.400000 -0.141127 
14.440000 -0.142496 
14.480000 -0.143705 
14.520000 -0.144748 
14.560000 -0.145618 
14.600000 -0.146312 
14.640000 -0.146825 
14.680000 -0.147156 
14.720000 -0.147304 
14.760000 -0.147270 
14.800000 -0.147060 
14.840000 -0.146677 
14.880000 -0.146131 
14.920000 -0.145430 
14.960000 -0.144586 
15.000000 -0.143613 
15.040000 -0.142526 
15.080000 -0.141342 
15.120000 -0.140077 
15.160000 -0.138751 
15.200000 -0.137381 
15.240000 -0.135987 
15.280000 -0.134586 
15.320000 -0.133195 
15.360000 -0.131830 
15.400000 -0.130505 
15.440000 -0.129230 
15.480000 -0.128016 
15.520000 -0.126866 
15.560000 -0.125784 
15.600000 -0.124769 
15.640000 -0.123816 
15.680000 -0.122918 
15.720000 -0.122065 
15.760000 -0.121243 
15.800000 -0.120438 
15.840000 -0.119635 
15.880000 -0.118817 
15.920000 -0.117967 
15.960000 -0.117071 
16.000000 -0.116115 
16.040000 -0.115088 
16.080000 -0.113982 
16.120000 -0.112791 
16.160000 -0.111513 
16.200000 -0.110147 
16.240000 -0.108697 
16.280000 -0.107168 
16.320000 -0.105566 
16.360000 -0.103901 
16.400000 -0.102181 
16.440000 -0.100415 
16.480000 -0.098609 
16.520000 -0.096773 
16.560000 -0.094910 
16.600000 -0.093025 
16.640000 -0.091119 
16.680000 -0.089194 
16.720000 -0.087248 
16.760000 -0.085280 
16.800000 -0.083285 
16.840000 -0.081262 
16.880000 -0.079208 
16.920000 -0.077122 
16.960000 -0.075003 
17.000000 -0.072854 
17.040000 -0.070679 
17.080000 -0.068485 
17.120000 -0.066281 
17.160000 -0.064079 
17.200000 -0.061894 
17.240000 -0.059742 
17.280000 -0.057641 
17.320000 -0.055607 
17.360000 -0.053661 
17.400000 -0.051818 
17.440000 -0.050096 
17.480000 -0.048509 
17.520000 -0.047068 
17.560000 -0.045784 
17.600000 -0.044662 
17.640000 -0.043707 
17.680000 -0.042920 
17.720000 -0.042300 
17.760000 -0.041845 
17.800000 -0.041551 
17.840000 -0.041415 
17.880000 -0.041432 
17.920000 -0.041600 
17.960000 -0.041917 
18.000000 -0.042383 
18.040000 -0.043001 
18.080000 -0.043774 
18.120000 -0.044706 
18.160000 -0.045806 
18.200000 -0.047080 
18.240000 -0.048535 
18.280000 -0.050180 
18.320000 -0.052020 
18.360000 -0.054060 
18.400000 -0.056300 
18.440000 -0.058741 
18.480000 -0.061376 
18.520000 -0.064199 
18.560000 -0.067196 
18.600000 -0.070351 
18.640000 -0.073644 
18.680000 -0.077053 
18.720000 -0.080553 
18.760000 -0.084114 
18.800000 -0.087710 
18.840000 -0.091310 
18.880000 -0.094885 
18.920000 -0.098407 
18.960000 -0.101850 
19.000000 -0.105190 
19.040000 -0.108407 
19.080000 -0.111482 
19.120000 -0.114403 
19.160000 -0.117160 
19.200000 -0.119746 
19.240000 -0.122161 
19.280000 -0.124404 
19.320000 -0.126483 
19.360000 -0.128403 
19.400000 -0.130176 
19.440000 -0.131812 
19.480000 -0.133326 
19.520000 -0.134730 
19.560000 -0.136037 
19.600000 -0.137261 
19.640000 -0.138411 
19.680000 -0.139499 
19.720000 -0.140530 
19.760000 -0.141509 
19.800000 -0.142438 
19.840000 -0.143315 
19.880000 -0.144136 
19.920000 -0.144894 
19.960000 -0.145580 
