# L= 10  beta= [1.0]  t_max= 20.0  steps= 2000
t 	  D= [20, 40, 80]
0.01	-10.774401691280534	-10.774401691280678	-10.774401691280678
0.1	-10.774462106162428	-10.774462106162574	-10.774462106162572
0.2	-10.774653142893579	-10.774653142893724	-10.77465314289372
0.3	-10.775237422530372	-10.775237422530516	-10.775237422530523
0.4	-10.776849174116167	-10.776849174116304	-10.776849174116318
0.5	-10.780891243415873	-10.780891243416022	-10.78089124341602
0.6	-10.790249445517833	-10.790249445517981	-10.790249445517988
0.7	-10.810430674758697	-10.810430674758836	-10.810430674758834
0.8	-10.851106648604668	-10.851106648604832	-10.851106648604825
0.9	-10.927817919365477	-10.927817919365637	-10.92781791936564
1	-11.063184014535985	-11.063184014536315	-11.06318401453631
1.1	-11.286590866645426	-11.2865908666469	-11.286590866646891
1.2	-11.631197082763665	-11.631197082752827	-11.631197082752825
1.3	-12.127435715663577	-12.127435715392473	-12.127435715392448
1.4	-12.792961583402578	-12.792961580646887	-12.792961580646857
1.5	-13.619950168947971	-13.619950149368679	-13.619950149368277
1.6	-14.562005402132597	-14.562005292927108	-14.56200529292346
1.7	-15.525770851195368	-15.525770357068883	-15.525770357040095
1.8	-16.376341542614014	-16.37633974263733	-16.376339742443506
1.9	-16.9650659832721	-16.965060945568133	-16.965060944492343
2	-17.175614092985466	-17.175604630925378	-17.175604626487914
2.1	-16.96562371934884	-16.965618838474708	-16.965618830564157
2.2	-16.379314703380306	-16.379355367059638	-16.379355398581314
2.3	-15.52742305089003	-15.527606846106236	-15.527607199771008
2.4	-14.550504849418877	-14.550989071682283	-14.550990857535313
2.5	-13.58271241802719	-13.583685974090422	-13.583692219966645
2.6	-12.725469588489485	-12.727116547461923	-12.727132894719253
2.7	-12.035093346001254	-12.037570000560217	-12.037603067631494
2.8	-11.52455682283298	-11.527972245697066	-11.528026509172983
2.9	-11.175413984487761	-11.179798925022984	-11.179874608729993
3	-10.953320325410031	-10.958597884798264	-10.958691166964798
3.1	-10.821270761570354	-10.827255111644718	-10.82735964105634
3.2	-10.747630248577233	-10.754059907561269	-10.75416848923251
3.3	-10.709055819164085	-10.71566415908273	-10.715770390981938
3.4	-10.690113798984777	-10.696689526087203	-10.696788542616197
3.5	-10.681468764354799	-10.687881925052148	-10.687970445489205
3.6	-10.677892959407254	-10.684086245478147	-10.6841620408701
3.7	-10.676670021699456	-10.682624381289097	-10.682685208754489
3.8	-10.67647825550216	-10.682183969755757	-10.682227615322825
3.9	-10.676705831221431	-10.682150823667817	-10.682175379091225
4	-10.677085274580223	-10.682248984341658	-10.68224837070328
4.1	-10.677518355659252	-10.682357934010911	-10.682318827567736
4.2	-10.677986129010293	-10.682430967321682	-10.682335899976723
4.3	-10.678496657592074	-10.68246423676312	-10.682289843019213
4.4	-10.679063487338622	-10.682480077641635	-10.682196920687337
4.5	-10.67969117102602	-10.68251431787782	-10.682087934366718
4.6	-10.680367139857987	-10.682605021869074	-10.681997103962848
4.7	-10.681065595111704	-10.682784932808046	-10.681954051407677
4.8	-10.68175570387526	-10.683072821212905	-10.681974927797063
4.9	-10.682411116092803	-10.68346695930706	-10.682058093238386
5	-10.68301482949601	-10.68393994285578	-10.682184721038322
5.1	-10.683557991934482	-10.684440002835077	-10.682325798555517
5.2	-10.68403547636636	-10.684907786358952	-10.682452092307729
5.3	-10.684442083797748	-10.685297705199838	-10.682543985454503
5.4	-10.684772119724547	-10.685587354599269	-10.682598307316026
5.5	-10.685025365226734	-10.685785478224684	-10.682627532289114
5.6	-10.685219156553163	-10.685929920270683	-10.682654586190203
5.7	-10.685396944009634	-10.686072305571974	-10.68270564517196
5.8	-10.685622886975581	-10.686265051010858	-10.682801651104764
5.9	-10.685963795173192	-10.686548612939077	-10.682950803457047
6	-10.686468391329639	-10.68693877070476	-10.68314463712697
6.1	-10.687152423656697	-10.687422276892155	-10.683363661622385
6.2	-10.687993427951747	-10.68796970334544	-10.6835875406179
6.3	-10.688937750916951	-10.688547004095597	-10.68379976433876
6.4	-10.689915457674486	-10.68911459686931	-10.68398873771846
6.5	-10.690848279832586	-10.689636290798948	-10.684147591501604
6.6	-10.691649841374291	-10.690086401973401	-10.684274358226705
6.7	-10.692246259613787	-10.690452253928024	-10.684372499938329
6.8	-10.69261626693448	-10.690736478386084	-10.684450288602891
6.9	-10.692807407980293	-10.690955596170392	-10.68451910426936
7	-10.692916127460718	-10.69113474165569	-10.684590824690737
7.1	-10.693060321485358	-10.691303818299831	-10.684673298300904
7.2	-10.693356909738952	-10.691493507894249	-10.684767424172257
7.3	-10.693894242875206	-10.691726418604635	-10.684870344693225
7.4	-10.694696210607914	-10.692010626142142	-10.684978622623932
7.5	-10.695694874674745	-10.69234030161124	-10.685089027273145
7.6	-10.696757077523623	-10.692697417259643	-10.685198560407612
7.7	-10.697745314007618	-10.693056521133805	-10.685304988891941
7.8	-10.698558286184971	-10.693393552611345	-10.685407671075358
7.9	-10.69915482323392	-10.693690242173258	-10.685507171885652
8	-10.699559059205958	-10.693936251735048	-10.685603563021655
8.1	-10.69984303445415	-10.694131712312537	-10.685695025018783
8.2	-10.700096023091039	-10.694286818636712	-10.68577844858448
8.3	-10.700390728276831	-10.6944167833933	-10.68585029253509
8.4	-10.700760015750047	-10.694535344830875	-10.685906286008002
8.5	-10.701200306358608	-10.694651746948908	-10.685941793749882
8.6	-10.701692720747635	-10.694773134450879	-10.685953601885494
8.7	-10.70221726157008	-10.694908055392803	-10.685942153602356
8.8	-10.702757805825806	-10.69506793772209	-10.685912933003921
8.9	-10.703307863793174	-10.695267263088219	-10.68587681630772
9	-10.703875313452354	-10.69552051102935	-10.68584965498695
9.1	-10.704479795081546	-10.69583645979609	-10.685850498901587
9.2	-10.705143338371977	-10.696213904902807	-10.685897894451452
9.3	-10.705879414163913	-10.696640187406372	-10.686005192999419
9.4	-10.706683642203176	-10.697091854979913	-10.686176261798702
9.5	-10.707528251795502	-10.697537435141468	-10.686402312290648
9.6	-10.70836425422872	-10.697942864422567	-10.686660963811356
9.7	-10.709134636271557	-10.698279644484623	-10.686919165807385
9.8	-10.709797517507011	-10.698534463067125	-10.687140117190669
9.9	-10.710347842417061	-10.698715900108198	-10.687292676837027
10	-10.71082244400137	-10.6988537345067	-10.687360678581385
10.1	-10.711285699392963	-10.698991072972966	-10.687348044324033
10.2	-10.7118060394634	-10.699172749476189	-10.687277452918115
10.3	-10.712435786392392	-10.699433235013622	-10.687184026823065
10.4	-10.713198643108326	-10.699786539709999	-10.68710694049089
10.5	-10.714084718032117	-10.700220890885278	-10.687079743601199
10.6	-10.715055597367824	-10.700701438350047	-10.687121429581437
10.7	-10.71605782534123	-10.701180849468782	-10.687231900326676
10.8	-10.717037346220776	-10.701613403421174	-10.687393374017569
10.9	-10.71795018422698	-10.701968783576755	-10.687576949936608
11	-10.718767575390695	-10.70224247092454	-10.687751947737313
11.1	-10.719477230014169	-10.7024582758935	-10.687895034001833
11.2	-10.72008767898467	-10.70266056327597	-10.687996370210818
11.3	-10.72063414970694	-10.702899587232034	-10.688060967310202
11.4	-10.721170760485018	-10.70321557738103	-10.68810499270619
11.5	-10.721748238806724	-10.703625133796699	-10.688149602638436
11.6	-10.722397495626838	-10.704115281337323	-10.68821491424269
11.7	-10.723129183459145	-10.704648352168222	-10.688313357438098
11.8	-10.72394072463242	-10.7051740736939	-10.688445876722122
11.9	-10.724820505644853	-10.70564380258794	-10.688602939281244
12	-10.72574708905764	-10.706023034621246	-10.688768350120242
12.1	-10.72669034611837	-10.706300998584023	-10.688924146911079
12.2	-10.72761754283608	-10.706494325461618	-10.689055017543245
12.3	-10.728501424587884	-10.706640027930485	-10.689151670957088
12.4	-10.72932799352212	-10.706782676320532	-10.6892124528887
12.5	-10.730098880090063	-10.70696322295998	-10.689242806035436
12.6	-10.730827292491439	-10.707210895992665	-10.689253338882404
12.7	-10.7315331468642	-10.707538617971231	-10.689257500909358
12.8	-10.732240412071617	-10.707943052741003	-10.689269355567278
12.9	-10.732975904952225	-10.708408331690862	-10.68930137129958
13	-10.733765966095941	-10.708910901219005	-10.689362103659821
13.1	-10.734629196340135	-10.709424574245768	-10.68945449882457
13.2	-10.735569200649577	-10.70992644579981	-10.68957612870086
13.3	-10.73657236403558	-10.710401823070379	-10.689721251962776
13.4	-10.737614231001809	-10.71084581613183	-10.6898829318992
13.5	-10.738672235500298	-10.711262261103302	-10.69005429366092
13.6	-10.73973249395504	-10.71166110793801	-10.690228759023528
13.7	-10.740783608162056	-10.712054981971688	-10.690399782605637
13.8	-10.741807966903668	-10.712455532410223	-10.690561886799019
13.9	-10.742783751535706	-10.712870059765923	-10.69071193050291
14	-10.743695303829755	-10.713299604743867	-10.69084808220211
14.1	-10.744540938270243	-10.71373888599551	-10.690968100311585
14.2	-10.745333367232764	-10.714177428035404	-10.691069262096974
14.3	-10.746093705561671	-10.714602974285784	-10.691149995298938
14.4	-10.746843885196624	-10.715007176461132	-10.691212153603864
14.5	-10.74760436527623	-10.71538988769795	-10.691262508541064
14.6	-10.748397309290429	-10.715759546756258	-10.691312176019716
14.7	-10.749247524675571	-10.716130779353918	-10.691373981333095
14.8	-10.750176247453233	-10.7165207603972	-10.69145916370383
14.9	-10.75119097466965	-10.7169452329399	-10.691574415661647
15	-10.752280609824533	-10.717415623165344	-10.69171996313056
15.1	-10.753423285577249	-10.717937191449353	-10.691889824181219
15.2	-10.754598708698918	-10.718507100718888	-10.692073250167596
15.3	-10.755790174998143	-10.71911376825462	-10.6922568699753
15.4	-10.75697991363645	-10.719739364643054	-10.692428568430811
15.5	-10.758148959584686	-10.720364234420911	-10.69258142983786
15.6	-10.759282865379417	-10.720969690683573	-10.692715797538
15.7	-10.760376954052727	-10.721538610813946	-10.692838900827352
15.8	-10.761434564593682	-10.722056658747853	-10.69296247709724
15.9	-10.762458648201541	-10.722515709528658	-10.69309918956776
16	-10.763444146174978	-10.72291773915195	-10.69325879938073
16.1	-10.764378378173433	-10.723276179602122	-10.693445358279941
16.2	-10.765249761305448	-10.723613739181447	-10.693656410517846
16.3	-10.766058226843475	-10.723958029429765	-10.693884074688333
16.4	-10.766820821093795	-10.724336758838785	-10.694117390392305
16.5	-10.76756918578164	-10.724772091421608	-10.694345246446863
16.6	-10.76833887889789	-10.725274338509205	-10.694559036115558
16.7	-10.769157821526369	-10.725839424058963	-10.6947543709063
16.8	-10.770041312370468	-10.726451087878948	-10.694931684689156
16.9	-10.770993019615537	-10.727084774167412	-10.695095654890045
17	-10.772006753736244	-10.72771307808305	-10.69525367522307
17.1	-10.77306329306522	-10.728312640192161	-10.695414109765126
17.2	-10.774130447175892	-10.728870126680512	-10.695584974418894
17.3	-10.775182566343714	-10.729384668809226	-10.695772993122945
17.4	-10.776223361294498	-10.729866483002871	-10.695982460436424
17.5	-10.777284501931574	-10.730333836971171	-10.69621367250121
17.6	-10.778402932822612	-10.730809123378997	-10.696461455688247
17.7	-10.779599345077854	-10.731313078783701	-10.696715053205482
17.8	-10.78087127373774	-10.73185842465979	-10.696960451529575
17.9	-10.782198230912348	-10.73244689292601	-10.697184278879334
18	-10.78355055090122	-10.733070678868112	-10.697377217407295
18.1	-10.784894899613889	-10.733715880787235	-10.697536182469262
18.2	-10.786195540188789	-10.734366797816485	-10.69766560028434
18.3	-10.787417637865993	-10.73501032005004	-10.697777628517944
18.4	-10.78853773322731	-10.735637767799558	-10.69789047152929
18.5	-10.789557395647268	-10.73624361849483	-10.698024196958468
18.6	-10.790507628815506	-10.736823641587184	-10.698194726151
18.7	-10.791435525701566	-10.73737386614272	-10.698408159146265
18.8	-10.792384296143034	-10.737890390131932	-10.698657845871764
18.9	-10.793382295126253	-10.73837077650179	-10.698925419620512
19	-10.794444072211842	-10.738816601717469	-10.699185422688505
19.1	-10.795575333434263	-10.739235364296565	-10.69941220668593
19.2	-10.796774433856209	-10.7396413195842	-10.699587589659542
19.3	-10.798030257192982	-10.740055358301971	-10.699707191643084
19.4	-10.799319234907282	-10.740502935250328	-10.69978313869409
19.5	-10.800606792333038	-10.74100917946847	-10.699841921708977
19.6	-10.801853468713446	-10.741592188744763	-10.699917903112157
19.7	-10.803019925072174	-10.742256811807193	-10.700044208357584
19.8	-10.80407100412398	-10.742990785369773	-10.700243238564177
19.9	-10.804984754199177	-10.743764433508325	-10.700519528485085
20	-10.805766337704084	-10.744535223281499	-10.700857556389161
