0.000000 -10.774362 
0.040000 -10.774397 
0.080000 -10.774419 
0.120000 -10.774453 
0.160000 -10.774505 
0.200000 -10.774586 
0.240000 -10.774709 
0.280000 -10.774895 
0.320000 -10.775171 
0.360000 -10.775579 
0.400000 -10.776175 
0.440000 -10.777036 
0.480000 -10.778269 
0.520000 -10.780017 
0.560000 -10.782467 
0.600000 -10.785869 
0.640000 -10.790543 
0.680000 -10.796897 
0.720000 -10.805447 
0.760000 -10.816833 
0.800000 -10.831836 
0.840000 -10.851400 
0.880000 -10.876642 
0.920000 -10.908867 
0.960000 -10.949572 
1.000000 -11.000441 
1.040000 -11.063335 
1.080000 -11.140262 
1.120000 -11.233342 
1.160000 -11.344749 
1.200000 -11.476645 
1.240000 -11.631088 
1.280000 -11.809936 
1.320000 -12.014730 
1.360000 -12.246568 
1.400000 -12.505968 
1.440000 -12.792728 
1.480000 -13.105779 
1.520000 -13.443051 
1.560000 -13.801346 
1.600000 -14.176245 
1.640000 -14.562059 
1.680000 -14.951843 
1.720000 -15.337503 
1.760000 -15.709997 
1.800000 -16.059656 
1.840000 -16.376610 
1.880000 -16.651284 
1.920000 -16.874952 
1.960000 -17.040258 
2.000000 -17.141676 
2.040000 -17.175839 
2.080000 -17.141714 
2.120000 -17.040612 
2.160000 -16.876038 
2.200000 -16.653432 
2.240000 -16.379805 
2.280000 -16.063347 
2.320000 -15.713008 
2.360000 -15.338091 
2.400000 -14.947878 
2.440000 -14.551283 
2.480000 -14.156566 
2.520000 -13.771097 
2.560000 -13.401174 
2.600000 -13.051918 
2.640000 -12.727223 
2.680000 -12.429766 
2.720000 -12.161076 
2.760000 -11.921644 
2.800000 -11.711062 
2.840000 -11.528189 
2.880000 -11.371321 
2.920000 -11.238356 
2.960000 -11.126950 
3.000000 -11.034651 
3.040000 -10.959016 
3.080000 -10.897692 
3.120000 -10.848486 
3.160000 -10.809404 
3.200000 -10.778669 
3.240000 -10.754736 
3.280000 -10.736278 
3.320000 -10.722179 
3.360000 -10.711512 
3.400000 -10.703518 
3.440000 -10.697585 
3.480000 -10.693223 
3.520000 -10.690048 
3.560000 -10.687758 
3.600000 -10.686123 
3.640000 -10.684968 
3.680000 -10.684159 
3.720000 -10.683599 
3.760000 -10.683214 
3.800000 -10.682954 
3.840000 -10.682780 
3.880000 -10.682663 
3.920000 -10.682587 
3.960000 -10.682537 
4.000000 -10.682505 
4.040000 -10.682484 
4.080000 -10.682471 
4.120000 -10.682463 
4.160000 -10.682458 
4.200000 -10.682455 
4.240000 -10.682453 
4.280000 -10.682452 
4.320000 -10.682451 
4.360000 -10.682450 
4.400000 -10.682450 
4.440000 -10.682450 
4.480000 -10.682450 
4.520000 -10.682450 
4.560000 -10.682450 
4.600000 -10.682450 
4.640000 -10.682450 
4.680000 -10.682450 
4.720000 -10.682450 
4.760000 -10.682450 
4.800000 -10.682450 
4.840000 -10.682450 
4.880000 -10.682450 
4.920000 -10.682450 
4.960000 -10.682450 
5.000000 -10.682450 
5.040000 -10.682450 
5.080000 -10.682450 
5.120000 -10.682450 
5.160000 -10.682450 
5.200000 -10.682450 
5.240000 -10.682450 
5.280000 -10.682450 
5.320000 -10.682450 
5.360000 -10.682450 
5.400000 -10.682450 
5.440000 -10.682450 
5.480000 -10.682450 
5.520000 -10.682450 
5.560000 -10.682450 
5.600000 -10.682450 
5.640000 -10.682450 
5.680000 -10.682450 
5.720000 -10.682450 
5.760000 -10.682450 
5.800000 -10.682450 
5.840000 -10.682450 
5.880000 -10.682450 
5.920000 -10.682450 
5.960000 -10.682450 
6.000000 -10.682450 
6.040000 -10.682450 
6.080000 -10.682450 
6.120000 -10.682450 
6.160000 -10.682450 
6.200000 -10.682450 
6.240000 -10.682450 
6.280000 -10.682450 
6.320000 -10.682450 
6.360000 -10.682450 
6.400000 -10.682450 
6.440000 -10.682450 
6.480000 -10.682450 
6.520000 -10.682450 
6.560000 -10.682450 
6.600000 -10.682450 
6.640000 -10.682450 
6.680000 -10.682450 
6.720000 -10.682450 
6.760000 -10.682450 
6.800000 -10.682450 
6.840000 -10.682450 
6.880000 -10.682450 
6.920000 -10.682450 
6.960000 -10.682450 
7.000000 -10.682450 
7.040000 -10.682450 
7.080000 -10.682450 
7.120000 -10.682450 
7.160000 -10.682450 
7.200000 -10.682450 
7.240000 -10.682450 
7.280000 -10.682450 
7.320000 -10.682450 
7.360000 -10.682450 
7.400000 -10.682450 
7.440000 -10.682450 
7.480000 -10.682450 
7.520000 -10.682450 
7.560000 -10.682450 
7.600000 -10.682450 
7.640000 -10.682450 
7.680000 -10.682450 
7.720000 -10.682450 
7.760000 -10.682450 
7.800000 -10.682450 
7.840000 -10.682450 
7.880000 -10.682450 
7.920000 -10.682450 
7.960000 -10.682450 
8.000000 -10.682450 
8.040000 -10.682450 
8.080000 -10.682450 
8.120000 -10.682450 
8.160000 -10.682450 
8.200000 -10.682450 
8.240000 -10.682450 
8.280000 -10.682450 
8.320000 -10.682450 
8.360000 -10.682450 
8.400000 -10.682450 
8.440000 -10.682450 
8.480000 -10.682450 
8.520000 -10.682450 
8.560000 -10.682450 
8.600000 -10.682450 
8.640000 -10.682450 
8.680000 -10.682450 
8.720000 -10.682450 
8.760000 -10.682450 
8.800000 -10.682450 
8.840000 -10.682450 
8.880000 -10.682450 
8.920000 -10.682450 
8.960000 -10.682450 
9.000000 -10.682450 
9.040000 -10.682450 
9.080000 -10.682450 
9.120000 -10.682450 
9.160000 -10.682450 
9.200000 -10.682450 
9.240000 -10.682450 
9.280000 -10.682450 
9.320000 -10.682450 
9.360000 -10.682450 
9.400000 -10.682450 
9.440000 -10.682450 
9.480000 -10.682450 
9.520000 -10.682450 
9.560000 -10.682450 
9.600000 -10.682450 
9.640000 -10.682450 
9.680000 -10.682450 
9.720000 -10.682450 
9.760000 -10.682450 
9.800000 -10.682450 
9.840000 -10.682450 
9.880000 -10.682450 
9.920000 -10.682450 
9.960000 -10.682450 
10.000000 -10.682450 
10.040000 -10.682450 
10.080000 -10.682450 
10.120000 -10.682450 
10.160000 -10.682450 
10.200000 -10.682450 
10.240000 -10.682450 
10.280000 -10.682450 
10.320000 -10.682450 
10.360000 -10.682450 
10.400000 -10.682450 
10.440000 -10.682450 
10.480000 -10.682450 
10.520000 -10.682450 
10.560000 -10.682450 
10.600000 -10.682450 
10.640000 -10.682450 
10.680000 -10.682450 
10.720000 -10.682450 
10.760000 -10.682450 
10.800000 -10.682450 
10.840000 -10.682450 
10.880000 -10.682450 
10.920000 -10.682450 
10.960000 -10.682450 
11.000000 -10.682450 
11.040000 -10.682450 
11.080000 -10.682450 
11.120000 -10.682450 
11.160000 -10.682450 
11.200000 -10.682450 
11.240000 -10.682450 
11.280000 -10.682450 
11.320000 -10.682450 
11.360000 -10.682450 
11.400000 -10.682450 
11.440000 -10.682450 
11.480000 -10.682450 
11.520000 -10.682450 
11.560000 -10.682450 
11.600000 -10.682450 
11.640000 -10.682450 
11.680000 -10.682450 
11.720000 -10.682450 
11.760000 -10.682450 
11.800000 -10.682450 
11.840000 -10.682450 
11.880000 -10.682450 
11.920000 -10.682450 
11.960000 -10.682450 
12.000000 -10.682450 
12.040000 -10.682450 
12.080000 -10.682450 
12.120000 -10.682450 
12.160000 -10.682450 
12.200000 -10.682450 
12.240000 -10.682450 
12.280000 -10.682450 
12.320000 -10.682450 
12.360000 -10.682450 
12.400000 -10.682450 
12.440000 -10.682450 
12.480000 -10.682450 
12.520000 -10.682450 
12.560000 -10.682450 
12.600000 -10.682450 
12.640000 -10.682450 
12.680000 -10.682450 
12.720000 -10.682450 
12.760000 -10.682450 
12.800000 -10.682450 
12.840000 -10.682450 
12.880000 -10.682450 
12.920000 -10.682450 
12.960000 -10.682450 
13.000000 -10.682450 
13.040000 -10.682450 
13.080000 -10.682450 
13.120000 -10.682450 
13.160000 -10.682450 
13.200000 -10.682450 
13.240000 -10.682450 
13.280000 -10.682450 
13.320000 -10.682450 
13.360000 -10.682450 
13.400000 -10.682450 
13.440000 -10.682450 
13.480000 -10.682450 
13.520000 -10.682450 
13.560000 -10.682450 
13.600000 -10.682450 
13.640000 -10.682450 
13.680000 -10.682450 
13.720000 -10.682450 
13.760000 -10.682450 
13.800000 -10.682450 
13.840000 -10.682450 
13.880000 -10.682450 
13.920000 -10.682450 
13.960000 -10.682450 
14.000000 -10.682450 
14.040000 -10.682450 
14.080000 -10.682450 
14.120000 -10.682450 
14.160000 -10.682450 
14.200000 -10.682450 
14.240000 -10.682450 
14.280000 -10.682450 
14.320000 -10.682450 
14.360000 -10.682450 
14.400000 -10.682450 
14.440000 -10.682450 
14.480000 -10.682450 
14.520000 -10.682450 
14.560000 -10.682450 
14.600000 -10.682450 
14.640000 -10.682450 
14.680000 -10.682450 
14.720000 -10.682450 
14.760000 -10.682450 
14.800000 -10.682450 
14.840000 -10.682450 
14.880000 -10.682450 
14.920000 -10.682450 
14.960000 -10.682450 
15.000000 -10.682450 
15.040000 -10.682450 
15.080000 -10.682450 
15.120000 -10.682450 
15.160000 -10.682450 
15.200000 -10.682450 
15.240000 -10.682450 
15.280000 -10.682450 
15.320000 -10.682450 
15.360000 -10.682450 
15.400000 -10.682450 
15.440000 -10.682450 
15.480000 -10.682450 
15.520000 -10.682450 
15.560000 -10.682450 
15.600000 -10.682450 
15.640000 -10.682450 
15.680000 -10.682450 
15.720000 -10.682450 
15.760000 -10.682450 
15.800000 -10.682450 
15.840000 -10.682450 
15.880000 -10.682450 
15.920000 -10.682450 
15.960000 -10.682450 
16.000000 -10.682450 
16.040000 -10.682450 
16.080000 -10.682450 
16.120000 -10.682450 
16.160000 -10.682450 
16.200000 -10.682450 
16.240000 -10.682450 
16.280000 -10.682450 
16.320000 -10.682450 
16.360000 -10.682450 
16.400000 -10.682450 
16.440000 -10.682450 
16.480000 -10.682450 
16.520000 -10.682450 
16.560000 -10.682450 
16.600000 -10.682450 
16.640000 -10.682450 
16.680000 -10.682450 
16.720000 -10.682450 
16.760000 -10.682450 
16.800000 -10.682450 
16.840000 -10.682450 
16.880000 -10.682450 
16.920000 -10.682450 
16.960000 -10.682450 
17.000000 -10.682450 
17.040000 -10.682450 
17.080000 -10.682450 
17.120000 -10.682450 
17.160000 -10.682450 
17.200000 -10.682450 
17.240000 -10.682450 
17.280000 -10.682450 
17.320000 -10.682450 
17.360000 -10.682450 
17.400000 -10.682450 
17.440000 -10.682450 
17.480000 -10.682450 
17.520000 -10.682450 
17.560000 -10.682450 
17.600000 -10.682450 
17.640000 -10.682450 
17.680000 -10.682450 
17.720000 -10.682450 
17.760000 -10.682450 
17.800000 -10.682450 
17.840000 -10.682450 
17.880000 -10.682450 
17.920000 -10.682450 
17.960000 -10.682450 
18.000000 -10.682450 
18.040000 -10.682450 
18.080000 -10.682450 
18.120000 -10.682450 
18.160000 -10.682450 
18.200000 -10.682450 
18.240000 -10.682450 
18.280000 -10.682450 
18.320000 -10.682450 
18.360000 -10.682450 
18.400000 -10.682450 
18.440000 -10.682450 
18.480000 -10.682450 
18.520000 -10.682450 
18.560000 -10.682450 
18.600000 -10.682450 
18.640000 -10.682450 
18.680000 -10.682450 
18.720000 -10.682450 
18.760000 -10.682450 
18.800000 -10.682450 
18.840000 -10.682450 
18.880000 -10.682450 
18.920000 -10.682450 
18.960000 -10.682450 
19.000000 -10.682450 
19.040000 -10.682450 
19.080000 -10.682450 
19.120000 -10.682450 
19.160000 -10.682450 
19.200000 -10.682450 
19.240000 -10.682450 
19.280000 -10.682450 
19.320000 -10.682450 
19.360000 -10.682450 
19.400000 -10.682450 
19.440000 -10.682450 
19.480000 -10.682450 
19.520000 -10.682450 
19.560000 -10.682450 
19.600000 -10.682450 
19.640000 -10.682450 
19.680000 -10.682450 
19.720000 -10.682450 
19.760000 -10.682450 
19.800000 -10.682450 
19.840000 -10.682450 
19.880000 -10.682450 
19.920000 -10.682450 
19.960000 -10.682450 
