# L= 10  beta= [1.0]  t_max= 20.0  steps= 2000
t 	  D= [20, 40, 80]
0.01	-0.5589718500196356	-0.5589718500196472	-0.5589718500195713
0.1	-0.5589700899506852	-0.5589700899506973	-0.5589700899506238
0.2	-0.5589655274652113	-0.5589655274652257	-0.5589655274651767
0.3	-0.5589615636974357	-0.5589615636974572	-0.5589615636974378
0.4	-0.5589653836888306	-0.5589653836888591	-0.5589653836888688
0.5	-0.5589920666441109	-0.5589920666441487	-0.5589920666441797
0.6	-0.5590739149310838	-0.5590739149311287	-0.5590739149311659
0.7	-0.559279163017379	-0.5592791630174183	-0.559279163017454
0.8	-0.5597453172235753	-0.5597453172237274	-0.5597453172237467
0.9	-0.5607315470231261	-0.560731547024498	-0.5607315470244928
1	-0.5626888698056932	-0.562688869810642	-0.5626888698106147
1.1	-0.5663322728361418	-0.5663322728270462	-0.5663322728270068
1.2	-0.5726720181644357	-0.5726720179378648	-0.5726720179378396
1.3	-0.5829247842991325	-0.5829247825384797	-0.582924782538455
1.4	-0.5981987536972145	-0.5981987433977458	-0.5981987433975678
1.5	-0.6188827163297986	-0.6188826640698566	-0.618882664068057
1.6	-0.643850120705283	-0.6438498806928681	-0.6438498806775431
1.7	-0.6699375442324281	-0.6699365390780364	-0.6699365389639448
1.8	-0.6924187171195979	-0.6924149136817046	-0.6924149129084274
1.9	-0.7067864283286097	-0.7067736405233629	-0.7067736357318695
2	-0.7109089631552624	-0.7108714095853484	-0.7108713830323435
2.1	-0.7058018731347071	-0.7057066298338182	-0.7057065016478746
2.2	-0.6943534961488262	-0.6941451266356069	-0.694144579711636
2.3	-0.6793284194794105	-0.6789305608035296	-0.6789285230020884
2.4	-0.6623021872441167	-0.6616214124476242	-0.6616149318330528
2.5	-0.6438208570314534	-0.6427352705348078	-0.64271789663493
2.6	-0.6240792247986092	-0.6223975152237502	-0.6223589452080666
2.7	-0.6034960976993434	-0.6008980319080702	-0.6008260976896383
2.8	-0.5829770899253771	-0.5789724410333179	-0.5788543954950999
2.9	-0.5638679159430897	-0.5578144445428266	-0.5576349550259864
3	-0.5476609983201549	-0.5388694182830476	-0.538605962039389
3.1	-0.5355403833604665	-0.5234953661583475	-0.5231147274514354
3.2	-0.5277678194363608	-0.5126170217262841	-0.5120762573653797
3.3	-0.5230480541365555	-0.506500824072705	-0.505753182507439
3.4	-0.5191558733169692	-0.5047289856101377	-0.5037309255285203
3.5	-0.5145966125316646	-0.5063663886056687	-0.505082393192974
3.6	-0.5094451562750317	-0.5102439388468044	-0.5086461385473627
3.7	-0.505270672986396	-0.5152535391576077	-0.5133111711601342
3.8	-0.5043818451015329	-0.5205483711219432	-0.5182180381159224
3.9	-0.5086880469254773	-0.52557478684459	-0.5228342957367635
4	-0.5187059247020884	-0.5299341810299711	-0.5269170356587038
4.1	-0.5331701210129872	-0.5332468156208177	-0.5304121489112972
4.2	-0.5493654843713622	-0.5352804123830358	-0.5333500021947787
4.3	-0.5640158783691488	-0.5361741007813269	-0.535786450318282
4.4	-0.5744163943734639	-0.5365285319644523	-0.5377991222732857
4.5	-0.5793305110762129	-0.5373384718314136	-0.5395032213485617
4.6	-0.579234505285814	-0.5397596305045482	-0.5410549379369056
4.7	-0.5758718281892751	-0.5447623590626126	-0.5426354177448227
4.8	-0.5714263286007271	-0.5527649717769911	-0.5443958986432625
4.9	-0.5677234073754096	-0.5633301023799868	-0.5463958415086521
5	-0.5657560121759352	-0.5750009540739316	-0.5485934327419729
5.1	-0.5656198787096518	-0.585457264984887	-0.5508740406466304
5.2	-0.5667551568841352	-0.5921898500341871	-0.5530968481836942
5.3	-0.5683079757943166	-0.5934283827671628	-0.5551527316585475
5.4	-0.5694540997350495	-0.5888477193990154	-0.5569962155149644
5.5	-0.5696213815822108	-0.5798555674571098	-0.5586382972154608
5.6	-0.5686289219321865	-0.5693058826554779	-0.5601240388362241
5.7	-0.5667643299620866	-0.5606051279508905	-0.5615018946688534
5.8	-0.5647504528347788	-0.556566473482956	-0.5627937412019802
5.9	-0.5634993440871743	-0.5584192438316874	-0.5639851023876319
6	-0.5636502716598311	-0.5653129080065998	-0.5650422480161877
6.1	-0.565124841715665	-0.57461706200634	-0.5659561454990428
6.2	-0.5670443012665518	-0.582933783824094	-0.5668060376109967
6.3	-0.5681697723056892	-0.5873503918370776	-0.567808123361533
6.4	-0.567679971184205	-0.5866252933964985	-0.5693092984973925
6.5	-0.5658500901576621	-0.5818046498176552	-0.5717075906572662
6.6	-0.5642091549612951	-0.5757410156395157	-0.5753211113898355
6.7	-0.5650296900816986	-0.5718126562000696	-0.5802380421566838
6.8	-0.5703363713053923	-0.5725054478967013	-0.5861816314961998
6.9	-0.5808269846267394	-0.5784179230200258	-0.5924492059616088
7	-0.5951875575917216	-0.5880421795157037	-0.5979891572139627
7.1	-0.6102224889602927	-0.5983806061182346	-0.6016316784770366
7.2	-0.6219032969593083	-0.606112176422949	-0.6024182948898467
7.3	-0.6269425592510245	-0.6088092214883694	-0.5999286770494279
7.4	-0.6241295671222078	-0.6057467798226013	-0.5944742555030975
7.5	-0.6147381733324224	-0.5980355063601064	-0.5870516562406942
7.6	-0.601929354745341	-0.5880683682488794	-0.5790589833336219
7.7	-0.5896074807228331	-0.5785708662858962	-0.5718898362636647
7.8	-0.5811215429792868	-0.5716963025801942	-0.5665493953938643
7.9	-0.578136707239763	-0.5684506892096205	-0.5633911434693561
8	-0.5800516441555392	-0.568505681100106	-0.5620136893319936
8.1	-0.5842262042623038	-0.5703748948561642	-0.561332878215014
8.2	-0.5870057066228903	-0.5718882265177639	-0.5598408927644096
8.3	-0.5851517848070894	-0.5708289337641085	-0.5560221477984163
8.4	-0.5770660136410378	-0.5655611836424261	-0.5488234479868689
8.5	-0.5633407550586224	-0.5555142355595841	-0.5380520240168983
8.6	-0.5465333700804941	-0.5414445302837315	-0.52458954325929
8.7	-0.5303167561069724	-0.5254069403087105	-0.5103302699363439
8.8	-0.5182792555062934	-0.5103678111474338	-0.49780354578167835
8.9	-0.5127475247999923	-0.4994743625806951	-0.4895390290988864
9	-0.5140552449840935	-0.49515774321353256	-0.48734307645896435
9.1	-0.5205675717740001	-0.49836370214344017	-0.4917165326997206
9.2	-0.5294692435162849	-0.5081849703616063	-0.5016249415996922
9.3	-0.5379659092135395	-0.5220525839077342	-0.5147339505743844
9.4	-0.544351371207367	-0.5364675759168239	-0.5280670589155764
9.5	-0.5484854489672598	-0.5480495332032411	-0.5388792428837855
9.6	-0.5515377663997798	-0.5545384098218928	-0.5454399924096728
9.7	-0.5551823150177203	-0.5553898620585893	-0.5474435259395154
9.8	-0.5606159533268144	-0.5517584690577754	-0.5459108467152545
9.9	-0.5678029785439566	-0.5459089796318011	-0.5426499296083636
10	-0.5752689081295669	-0.5403161242959398	-0.5395084700130464
10.1	-0.5805855625489025	-0.53681715221589	-0.537717841385757
10.2	-0.5814048783422384	-0.5361329854252077	-0.5375688653428276
10.3	-0.576610331873383	-0.5378906786462532	-0.5385117382191166
10.4	-0.5670398643962875	-0.541054289604169	-0.5395929954881871
10.5	-0.5553970746070146	-0.5445135832495637	-0.54000149207233
10.6	-0.5453419503199411	-0.5475542656931363	-0.5394665236441678
10.7	-0.5401342509281404	-0.550027367716285	-0.5383492884776473
10.8	-0.5413989169076673	-0.5521926799712495	-0.5374274599078815
10.9	-0.548540111027273	-0.5543782956250893	-0.5375131352938234
11	-0.5590670708547192	-0.5566945491237177	-0.5391040624354447
11.1	-0.5696666014318363	-0.558994954133251	-0.5422265213120904
11.2	-0.5774788277239393	-0.5611042311385913	-0.5465156013201435
11.3	-0.5810233433677512	-0.5631388698282102	-0.5514563064413491
11.4	-0.5805737069035163	-0.565684968271917	-0.5566370637082061
11.5	-0.5780344355618429	-0.569703315618045	-0.5618798715508104
11.6	-0.5763428901041392	-0.5761570289917016	-0.5672084834874538
11.7	-0.5784248728610589	-0.5854764289125809	-0.5727184477094821
11.8	-0.5859901902861845	-0.5971247147077315	-0.5784298839325708
11.9	-0.598706600853804	-0.6095413449560124	-0.5841941255973336
12	-0.6141847080247022	-0.6205509550677892	-0.5897085078313347
12.1	-0.6287815196538021	-0.6280767546781802	-0.5946218503075615
12.2	-0.6388482242536057	-0.6308472136277082	-0.5986478404193805
12.3	-0.6419592165423003	-0.6288012591936015	-0.6016073973865305
12.4	-0.6377501001700073	-0.6230332262187697	-0.6033774419953453
12.5	-0.628066052290742	-0.6153054127753671	-0.6037889393044888
12.6	-0.6162762185048181	-0.6073425009071781	-0.6025576396181785
12.7	-0.6059760500439086	-0.6002267356135282	-0.5993220322681508
12.8	-0.5996554104685995	-0.594160502161981	-0.593803419497776
12.9	-0.5979272608778252	-0.5886661235995878	-0.5860242902730116
13	-0.5995767815930979	-0.5830625262986727	-0.5764704707422235
13.1	-0.6022564703851073	-0.5769332755930433	-0.5660929509659692
13.2	-0.60341427073339	-0.5703515853893144	-0.5561139077979789
13.3	-0.6011260771921564	-0.5638025786707936	-0.5476931039489837
13.4	-0.5947096952153258	-0.5579038101972624	-0.5415789481346527
13.5	-0.5850124937421921	-0.5530918472429487	-0.5378797673300242
13.6	-0.5741697309439485	-0.54943160352227	-0.536042242605824
13.7	-0.5647940445605734	-0.5466282559657987	-0.5350425809049952
13.8	-0.5589270567626301	-0.5441972033742084	-0.5337211194971356
13.9	-0.5572642840879042	-0.5416611419893201	-0.531147541301443
14	-0.5590001358075802	-0.5386733372334468	-0.5268987969799913
14.1	-0.5622923734057222	-0.5350674147993166	-0.5211722097492388
14.2	-0.5650657211784857	-0.5308864533642924	-0.514725156492974
14.3	-0.5658014742736129	-0.5264178672242096	-0.508686767324844
14.4	-0.5640364784685558	-0.522217087910496	-0.5043044716028251
14.5	-0.5604050568342597	-0.5190785702004729	-0.5026783323630553
14.6	-0.5562157820664135	-0.5179100584621127	-0.5045194655941783
14.7	-0.5527727666000997	-0.5194941809694418	-0.5099630011611718
14.8	-0.550788927742039	-0.5241795078001857	-0.5184721900783485
14.9	-0.550183593826634	-0.531609079487588	-0.5288693889928117
15	-0.5503411293833866	-0.5406260041378965	-0.5395060177022768
15.1	-0.5506480522658258	-0.5494474238051472	-0.548549055562444
15.2	-0.5509676024972722	-0.5560916761271935	-0.5543477166688792
15.3	-0.5517627765151597	-0.5589613675408527	-0.5558267981739831
15.4	-0.5538198279904634	-0.5574347721308638	-0.5528009559121144
15.5	-0.5577641936746722	-0.5522536351634681	-0.5460946350195495
15.6	-0.5636385234842812	-0.5454819453681167	-0.537408569227042
15.7	-0.57073367825106	-0.5399478421543423	-0.5289505633327624
15.8	-0.5777084028949327	-0.5383180762345031	-0.5229209088346707
15.9	-0.5829055862271169	-0.5421475179622733	-0.5209872893451192
16	-0.5847541339711306	-0.5512857428925034	-0.5238843988961893
16.1	-0.5822078814864653	-0.5638838478711844	-0.5312357700754708
16.2	-0.5751756463216382	-0.5769916628814322	-0.5416432656872114
16.3	-0.5647983939990009	-0.5874901135249169	-0.553032713093487
16.4	-0.5533954094718295	-0.593006909298182	-0.5631778244099422
16.5	-0.5439952874496453	-0.592551174005348	-0.5702707200363822
16.6	-0.5395262445753288	-0.5867352299224834	-0.5733914332294575
16.7	-0.5419216054231184	-0.5775485743144014	-0.572749643863203
16.8	-0.5514949726835108	-0.5677671876851514	-0.5696217980586008
16.9	-0.5668508206161758	-0.5601961163272022	-0.565982796572248
17	-0.5853314665038278	-0.5569736948528102	-0.563922788498335
17.1	-0.6037075776238414	-0.5591061299772825	-0.5650185536379492
17.2	-0.618756904884727	-0.5663052462146188	-0.569859469800434
17.3	-0.6276974951666964	-0.5771223960521832	-0.5778849891587606
17.4	-0.6287327778286317	-0.5893198551330264	-0.5875833882324198
17.5	-0.6216992154080074	-0.6003873095212507	-0.5969740855533635
17.6	-0.6084127548384503	-0.6080896795890778	-0.6041990166973074
17.7	-0.592383371395006	-0.6109249032268556	-0.6080205025803784
17.8	-0.5778995423909659	-0.608397536476056	-0.6080745064986283
17.9	-0.5687669376940281	-0.6010743664638928	-0.6048257426364153
18	-0.5671459262337794	-0.5904259505374272	-0.5992695583218046
18.1	-0.5728902356523231	-0.578470209159455	-0.592508075541445
18.2	-0.5835848419631198	-0.5672755772298494	-0.585370693448322
18.3	-0.5952739888053482	-0.5584413573515292	-0.5782205957872588
18.4	-0.6037040608854348	-0.5527014863223145	-0.5709988775494318
18.5	-0.6057282472516919	-0.5497821255972172	-0.5634520691205032
18.6	-0.6003754228793116	-0.5485802709468114	-0.5554177847286157
18.7	-0.5891281103833307	-0.5476185314588455	-0.5470349221349279
18.8	-0.5752965549031813	-0.5456126959700244	-0.5387902609511042
18.9	-0.5628231138110652	-0.5419385484011389	-0.531387998475013
19	-0.555014814709007	-0.536828337403749	-0.5255072542839209
19.1	-0.5535793522482593	-0.5312309741168373	-0.5215596637632824
19.2	-0.5582135898209241	-0.5264025911016329	-0.5195505124952007
19.3	-0.566848483594471	-0.5234084983004439	-0.5190924147875686
19.4	-0.5764202786105014	-0.522745008290123	-0.5195516522243179
19.5	-0.58386530706343	-0.5242156601514584	-0.5202580896089336
19.6	-0.5870133335536104	-0.5270794048432866	-0.5207018843337496
19.7	-0.5851268834482509	-0.5303887553208254	-0.5206680645633953
19.8	-0.5789655603540308	-0.5333751759171615	-0.5202944101921214
19.9	-0.570420558651319	-0.535727320028795	-0.5200550736747164
20	-0.5618776266239334	-0.5376608879040814	-0.5206719744325988
