0.000000 -0.558972 
0.040000 -0.558972 
0.080000 -0.558972 
0.120000 -0.558972 
0.160000 -0.558972 
0.200000 -0.558972 
0.240000 -0.558972 
0.280000 -0.558972 
0.320000 -0.558972 
0.360000 -0.558974 
0.400000 -0.558979 
0.440000 -0.558986 
0.480000 -0.558997 
0.520000 -0.559013 
0.560000 -0.559038 
0.600000 -0.559074 
0.640000 -0.559126 
0.680000 -0.559198 
0.720000 -0.559299 
0.760000 -0.559439 
0.800000 -0.559630 
0.840000 -0.559889 
0.880000 -0.560238 
0.920000 -0.560702 
0.960000 -0.561313 
1.000000 -0.562112 
1.040000 -0.563144 
1.080000 -0.564463 
1.120000 -0.566133 
1.160000 -0.568223 
1.200000 -0.570808 
1.240000 -0.573971 
1.280000 -0.577790 
1.320000 -0.582346 
1.360000 -0.587706 
1.400000 -0.593921 
1.440000 -0.601020 
1.480000 -0.608995 
1.520000 -0.617796 
1.560000 -0.627323 
1.600000 -0.637421 
1.640000 -0.647877 
1.680000 -0.658428 
1.720000 -0.668770 
1.760000 -0.678575 
1.800000 -0.687517 
1.840000 -0.695296 
1.880000 -0.701664 
1.920000 -0.706446 
1.960000 -0.709555 
2.000000 -0.710991 
2.040000 -0.710838 
2.080000 -0.709243 
2.120000 -0.706395 
2.160000 -0.702498 
2.200000 -0.697755 
2.240000 -0.692342 
2.280000 -0.686408 
2.320000 -0.680064 
2.360000 -0.673387 
2.400000 -0.666424 
2.440000 -0.659204 
2.480000 -0.651738 
2.520000 -0.644031 
2.560000 -0.636089 
2.600000 -0.627922 
2.640000 -0.619547 
2.680000 -0.610993 
2.720000 -0.602302 
2.760000 -0.593529 
2.800000 -0.584741 
2.840000 -0.576016 
2.880000 -0.567440 
2.920000 -0.559106 
2.960000 -0.551109 
3.000000 -0.543541 
3.040000 -0.536489 
3.080000 -0.530032 
3.120000 -0.524234 
3.160000 -0.519146 
3.200000 -0.514801 
3.240000 -0.511215 
3.280000 -0.508384 
3.320000 -0.506288 
3.360000 -0.504891 
3.400000 -0.504140 
3.440000 -0.503976 
3.480000 -0.504328 
3.520000 -0.505122 
3.560000 -0.506281 
3.600000 -0.507729 
3.640000 -0.509395 
3.680000 -0.511212 
3.720000 -0.513121 
3.760000 -0.515070 
3.800000 -0.517018 
3.840000 -0.518929 
3.880000 -0.520777 
3.920000 -0.522545 
3.960000 -0.524218 
4.000000 -0.525789 
4.040000 -0.527254 
4.080000 -0.528614 
4.120000 -0.529868 
4.160000 -0.531021 
4.200000 -0.532075 
4.240000 -0.533035 
4.280000 -0.533907 
4.320000 -0.534696 
4.360000 -0.535411 
4.400000 -0.536057 
4.440000 -0.536647 
4.480000 -0.537189 
4.520000 -0.537697 
4.560000 -0.538183 
4.600000 -0.538663 
4.640000 -0.539150 
4.680000 -0.539659 
4.720000 -0.540204 
4.760000 -0.540796 
4.800000 -0.541447 
4.840000 -0.542162 
4.880000 -0.542946 
4.920000 -0.543798 
4.960000 -0.544717 
5.000000 -0.545694 
5.040000 -0.546719 
5.080000 -0.547780 
5.120000 -0.548860 
5.160000 -0.549943 
5.200000 -0.551009 
5.240000 -0.552041 
5.280000 -0.553019 
5.320000 -0.553929 
5.360000 -0.554753 
5.400000 -0.555480 
5.440000 -0.556099 
5.480000 -0.556602 
5.520000 -0.556985 
5.560000 -0.557247 
5.600000 -0.557388 
5.640000 -0.557413 
5.680000 -0.557330 
5.720000 -0.557148 
5.760000 -0.556881 
5.800000 -0.556543 
5.840000 -0.556153 
5.880000 -0.555733 
5.920000 -0.555305 
5.960000 -0.554896 
6.000000 -0.554533 
6.040000 -0.554247 
6.080000 -0.554069 
6.120000 -0.554031 
6.160000 -0.554166 
6.200000 -0.554506 
6.240000 -0.555078 
6.280000 -0.555911 
6.320000 -0.557025 
6.360000 -0.558438 
6.400000 -0.560159 
6.440000 -0.562189 
6.480000 -0.564523 
6.520000 -0.567145 
6.560000 -0.570029 
6.600000 -0.573140 
6.640000 -0.576434 
6.680000 -0.579859 
6.720000 -0.583355 
6.760000 -0.586855 
6.800000 -0.590290 
6.840000 -0.593587 
6.880000 -0.596674 
6.920000 -0.599478 
6.960000 -0.601935 
7.000000 -0.603984 
7.040000 -0.605574 
7.080000 -0.606665 
7.120000 -0.607228 
7.160000 -0.607248 
7.200000 -0.606724 
7.240000 -0.605670 
7.280000 -0.604115 
7.320000 -0.602101 
7.360000 -0.599682 
7.400000 -0.596924 
7.440000 -0.593904 
7.480000 -0.590702 
7.520000 -0.587405 
7.560000 -0.584097 
7.600000 -0.580864 
7.640000 -0.577782 
7.680000 -0.574920 
7.720000 -0.572336 
7.760000 -0.570073 
7.800000 -0.568155 
7.840000 -0.566592 
7.880000 -0.565373 
7.920000 -0.564467 
7.960000 -0.563828 
8.000000 -0.563392 
8.040000 -0.563081 
8.080000 -0.562806 
8.120000 -0.562473 
8.160000 -0.561983 
8.200000 -0.561240 
8.240000 -0.560157 
8.280000 -0.558654 
8.320000 -0.556672 
8.360000 -0.554168 
8.400000 -0.551124 
8.440000 -0.547546 
8.480000 -0.543467 
8.520000 -0.538945 
8.560000 -0.534063 
8.600000 -0.528928 
8.640000 -0.523663 
8.680000 -0.518407 
8.720000 -0.513308 
8.760000 -0.508516 
8.800000 -0.504178 
8.840000 -0.500430 
8.880000 -0.497393 
8.920000 -0.495169 
8.960000 -0.493832 
9.000000 -0.493426 
9.040000 -0.493966 
9.080000 -0.495432 
9.120000 -0.497774 
9.160000 -0.500910 
9.200000 -0.504734 
9.240000 -0.509116 
9.280000 -0.513908 
9.320000 -0.518954 
9.360000 -0.524091 
9.400000 -0.529161 
9.440000 -0.534013 
9.480000 -0.538512 
9.520000 -0.542542 
9.560000 -0.546014 
9.600000 -0.548862 
9.640000 -0.551051 
9.680000 -0.552576 
9.720000 -0.553457 
9.760000 -0.553742 
9.800000 -0.553498 
9.840000 -0.552812 
9.880000 -0.551782 
9.920000 -0.550512 
9.960000 -0.549110 
10.000000 -0.547676 
10.040000 -0.546303 
10.080000 -0.545072 
10.120000 -0.544045 
10.160000 -0.543268 
10.200000 -0.542765 
10.240000 -0.542542 
10.280000 -0.542585 
10.320000 -0.542867 
10.360000 -0.543345 
10.400000 -0.543968 
10.440000 -0.544677 
10.480000 -0.545416 
10.520000 -0.546129 
10.560000 -0.546765 
10.600000 -0.547286 
10.640000 -0.547663 
10.680000 -0.547883 
10.720000 -0.547943 
10.760000 -0.547857 
10.800000 -0.547651 
10.840000 -0.547359 
10.880000 -0.547027 
10.920000 -0.546701 
10.960000 -0.546432 
11.000000 -0.546268 
11.040000 -0.546253 
11.080000 -0.546425 
11.120000 -0.546808 
11.160000 -0.547421 
11.200000 -0.548269 
11.240000 -0.549345 
11.280000 -0.550633 
11.320000 -0.552109 
11.360000 -0.553741 
11.400000 -0.555493 
11.440000 -0.557328 
11.480000 -0.559211 
11.520000 -0.561109 
11.560000 -0.562995 
11.600000 -0.564851 
11.640000 -0.566665 
11.680000 -0.568435 
11.720000 -0.570167 
11.760000 -0.571876 
11.800000 -0.573578 
11.840000 -0.575298 
11.880000 -0.577058 
11.920000 -0.578880 
11.960000 -0.580784 
12.000000 -0.582779 
12.040000 -0.584871 
12.080000 -0.587053 
12.120000 -0.589310 
12.160000 -0.591614 
12.200000 -0.593928 
12.240000 -0.596208 
12.280000 -0.598401 
12.320000 -0.600448 
12.360000 -0.602290 
12.400000 -0.603868 
12.440000 -0.605127 
12.480000 -0.606015 
12.520000 -0.606491 
12.560000 -0.606523 
12.600000 -0.606093 
12.640000 -0.605192 
12.680000 -0.603826 
12.720000 -0.602014 
12.760000 -0.599785 
12.800000 -0.597181 
12.840000 -0.594249 
12.880000 -0.591046 
12.920000 -0.587632 
12.960000 -0.584070 
13.000000 -0.580421 
13.040000 -0.576746 
13.080000 -0.573102 
13.120000 -0.569540 
13.160000 -0.566105 
13.200000 -0.562833 
13.240000 -0.559755 
13.280000 -0.556891 
13.320000 -0.554255 
13.360000 -0.551850 
13.400000 -0.549675 
13.440000 -0.547719 
13.480000 -0.545968 
13.520000 -0.544398 
13.560000 -0.542985 
13.600000 -0.541698 
13.640000 -0.540505 
13.680000 -0.539371 
13.720000 -0.538261 
13.760000 -0.537139 
13.800000 -0.535973 
13.840000 -0.534732 
13.880000 -0.533389 
13.920000 -0.531923 
13.960000 -0.530319 
14.000000 -0.528571 
14.040000 -0.526680 
14.080000 -0.524658 
14.120000 -0.522527 
14.160000 -0.520319 
14.200000 -0.518076 
14.240000 -0.515848 
14.280000 -0.513697 
14.320000 -0.511688 
14.360000 -0.509892 
14.400000 -0.508383 
14.440000 -0.507232 
14.480000 -0.506508 
14.520000 -0.506272 
14.560000 -0.506577 
14.600000 -0.507460 
14.640000 -0.508944 
14.680000 -0.511034 
14.720000 -0.513714 
14.760000 -0.516949 
14.800000 -0.520683 
14.840000 -0.524838 
14.880000 -0.529322 
14.920000 -0.534022 
14.960000 -0.538815 
15.000000 -0.543570 
15.040000 -0.548149 
15.080000 -0.552418 
15.120000 -0.556247 
15.160000 -0.559518 
15.200000 -0.562128 
15.240000 -0.563995 
15.280000 -0.565062 
15.320000 -0.565299 
15.360000 -0.564705 
15.400000 -0.563310 
15.440000 -0.561172 
15.480000 -0.558380 
15.520000 -0.555046 
15.560000 -0.551304 
15.600000 -0.547304 
15.640000 -0.543209 
15.680000 -0.539183 
15.720000 -0.535391 
15.760000 -0.531986 
15.800000 -0.529109 
15.840000 -0.526878 
15.880000 -0.525385 
15.920000 -0.524695 
15.960000 -0.524838 
16.000000 -0.525809 
16.040000 -0.527574 
16.080000 -0.530063 
16.120000 -0.533179 
16.160000 -0.536802 
16.200000 -0.540791 
16.240000 -0.544994 
16.280000 -0.549252 
16.320000 -0.553408 
16.360000 -0.557314 
16.400000 -0.560836 
16.440000 -0.563863 
16.480000 -0.566308 
16.520000 -0.568114 
16.560000 -0.569257 
16.600000 -0.569743 
16.640000 -0.569614 
16.680000 -0.568938 
16.720000 -0.567812 
16.760000 -0.566353 
16.800000 -0.564695 
16.840000 -0.562981 
16.880000 -0.561356 
16.920000 -0.559961 
16.960000 -0.558928 
17.000000 -0.558369 
17.040000 -0.558378 
17.080000 -0.559018 
17.120000 -0.560329 
17.160000 -0.562315 
17.200000 -0.564952 
17.240000 -0.568187 
17.280000 -0.571940 
17.320000 -0.576107 
17.360000 -0.580568 
17.400000 -0.585188 
17.440000 -0.589828 
17.480000 -0.594344 
17.520000 -0.598603 
17.560000 -0.602478 
17.600000 -0.605862 
17.640000 -0.608665 
17.680000 -0.610821 
17.720000 -0.612290 
17.760000 -0.613056 
17.800000 -0.613128 
17.840000 -0.612540 
17.880000 -0.611343 
17.920000 -0.609608 
17.960000 -0.607416 
18.000000 -0.604856 
18.040000 -0.602020 
18.080000 -0.598997 
18.120000 -0.595869 
18.160000 -0.592708 
18.200000 -0.589573 
18.240000 -0.586506 
18.280000 -0.583533 
18.320000 -0.580663 
18.360000 -0.577889 
18.400000 -0.575191 
18.440000 -0.572540 
18.480000 -0.569897 
18.520000 -0.567222 
18.560000 -0.564476 
18.600000 -0.561624 
18.640000 -0.558641 
18.680000 -0.555513 
18.720000 -0.552238 
18.760000 -0.548832 
18.800000 -0.545323 
18.840000 -0.541754 
18.880000 -0.538182 
18.920000 -0.534670 
18.960000 -0.531289 
19.000000 -0.528109 
19.040000 -0.525200 
19.080000 -0.522623 
19.120000 -0.520428 
19.160000 -0.518650 
19.200000 -0.517309 
19.240000 -0.516404 
19.280000 -0.515915 
19.320000 -0.515806 
19.360000 -0.516022 
19.400000 -0.516496 
19.440000 -0.517153 
19.480000 -0.517910 
19.520000 -0.518686 
19.560000 -0.519407 
19.600000 -0.520006 
19.640000 -0.520433 
19.680000 -0.520654 
19.720000 -0.520657 
19.760000 -0.520452 
19.800000 -0.520069 
19.840000 -0.519560 
19.880000 -0.518994 
19.920000 -0.518456 
19.960000 -0.518037 
