L= 50  beta= 0.0  t_max= 15.0  steps= 3000  D= 300  prec= 1.0e-20  delta= 0.1
# t 	 E 	 mag 	 corr 	 err 	 entropy
0.05	-52.693447023663836	0.26748199269130396	-0.9191236006769788	15240193085183784e-35	0.6493022469573269
0.1	-52.659742577093056	0.26743398879263314	-0.9191466800851315	1323807281514127e-34	0.6493147924391721
0.15	-52.59401040010809	0.2673006023325031	-0.9192105782924477	5847904219350203e-35	0.6493297829271619
0.2	-52.480031216815874	0.266993058519334	-0.9193565534571723	52149516337041145e-36	0.6493501918943184
0.25	-52.30542540760379	0.2663637735551877	-0.9196501980932806	7166748559309594e-35	0.6493811536569752
0.3	-52.07152459312406	0.2651976515627227	-0.920180454894779	11198178218777329e-36	0.6494300668400855
0.35	-51.802364211591616	0.2632253934182383	-0.9210479715166148	12231198501449804e-37	0.6495056811442375
0.4	-51.5455498467919	0.2601693397741021	-0.9223454686183262	1492619272803782e-36	0.6496158055195119
0.45	-51.35985521005933	0.2558203728943355	-0.9241398129826424	4455641070998399e-36	0.6497638606847318
0.5	-51.292488571309335	0.250126654708634	-0.9264622586589673	817582600354194e-35	0.6499452814657315
0.55	-51.35791781137931	0.24326154146341059	-0.9292998493412554	5573751394009583e-35	0.650145288269947
0.6	-51.531537115611926	0.23563948981422	-0.9325760660193734	6212176330818652e-35	0.6503393594740677
0.65	-51.76222172651834	0.2278674818824633	-0.9361259953952147	18587116472366706e-36	0.6504967878591374
0.7	-51.99516738446854	0.22064589486553562	-0.9396917573521124	8767374151056529e-35	0.6505864096722935
0.75	-52.191164466380656	0.21465168046587094	-0.9429574560919587	15570352439873546e-36	0.650582652346146
0.8	-52.3337775108153	0.21043856255500268	-0.945612530771454	41558806591352684e-37	0.6504700361190773
0.85	-52.4252661742295	0.2083755837686511	-0.9474115233560878	8227158033651143e-36	0.6502451932716434
0.9	-52.47759503302951	0.20862694403320522	-0.948205932379642	18684224780273755e-36	0.6499166566381981
0.95	-52.50445871252303	0.21116299750332057	-0.9479460319244695	8022630935436401e-35	0.6495033948215436
1	-52.51688219610699	0.21578860883340628	-0.9466651068615148	13307762013516854e-35	0.6490332145358195
1.05	-52.52206664692437	0.22217830328289898	-0.9444590325048315	4533949668061243e-35	0.648541592774399
1.1	-52.52401947728035	0.22991277742871194	-0.9414677356362425	1288453556827007e-34	0.6480708494429168
1.15	-52.52468292307847	0.23851492989454337	-0.937859657107418	131709865533606e-33	0.6476690767252791
1.2	-52.52488589256982	0.24748488733150165	-0.9338183009286523	16571628020731832e-35	0.6473876631951306
1.25	-52.52494173801272	0.2563333885000965	-0.9295300912693093	9141679955396765e-35	0.6472761149453083
1.3	-52.52495575654882	0.264612382816711	-0.925173431911754	3339327240725645e-35	0.6473745063645326
1.35	-52.52495950564456	0.2719413800128021	-0.9209092959996629	6225600398704828e-35	0.6477069388274589
1.4	-52.52496147911389	0.27802810224458396	-0.9168737746888027	13231502607288243e-35	0.6482795279540032
1.45	-52.524963775104794	0.2826822786584023	-0.9131729157524432	10236883209934287e-35	0.6490824948121834
1.5	-52.524966899187945	0.28582187976572987	-0.9098800098309516	8429110355994194e-35	0.650093543690924
1.55	-52.524970977525264	0.28747162612391464	-0.9070352983793092	13609857831066703e-35	0.651280867877211
1.6	-52.52497602256936	0.28775415673365207	-0.9046479118982346	7490934713884314e-35	0.6526056796749931
1.65	-52.52498198109521	0.2868747566647372	-0.902699711472654	8576681475868318e-35	0.6540246050306348
1.7	-52.52498874055333	0.28510098025629826	-0.9011506057591768	2010534375455169e-34	0.6554921458375826
1.75	-52.524996131124226	0.2827388341683507	-0.8999448508075739	10598330451580253e-35	0.6569632202252453
1.8	-52.52500393055203	0.28010738147279085	-0.8990178110944045	6218160681635178e-35	0.6583956799146058
1.85	-52.52501187278646	0.2775136823118856	-0.8983026653979544	9905603563441748e-35	0.659752657239186
1.9	-52.52501966021771	0.2752298979768934	-0.8977365782911605	15048629268967267e-35	0.6610045721460054
1.95	-52.52502697886721	0.273474163976976	-0.8972659237112298	12358994712726457e-35	0.6621306083980676
2	-52.52503351563129	0.27239650395622206	-0.8968502366544101	21559542477694396e-35	0.6631194858645151
2.05	-52.52503897650075	0.27207063830508765	-0.8964646764644728	1400842088628293e-34	0.6639694914071176
2.1	-52.52504310456184	0.2724920727045808	-0.8961009030082363	2176763027675787e-34	0.6646878970947437
2.15	-52.52504569657103	0.2735823691811887	-0.8957663869458571	1810525719605315e-34	0.6652898703877141
2.2	-52.525046616941204	0.2751990420661265	-0.8954822888493843	18461193054328642e-35	0.6657968670950902
2.25	-52.52504580813817	0.27715011730213085	-0.8952801413680971	805770697893693e-34	0.666234529985776
2.3	-52.525043296690704	0.27921207436400697	-0.8951976477384559	555661428361641e-34	0.666630238371159
2.35	-52.52503919430432	0.28114967700015214	-0.8952739644098598	755854218620335e-34	0.6670105412790341
2.4	-52.52503369387413	0.28273610483663636	-0.895544863185916	14867257508183574e-35	0.6673987391883269
2.45	-52.5250270605424	0.2837718261184219	-0.8960381686740573	18642951685865634e-35	0.6678128690080009
2.5	-52.52501961826094	0.28410079673183436	-0.8967698409978578	20835336749954173e-35	0.6682642984747569
2.55	-52.52501173263237	0.2836228178129078	-0.8977410236432326	21365494927471789e-35	0.668757055107832
2.6	-52.52500379103845	0.2823012120674171	-0.898936304707533	1471625333843724e-34	0.6692879152804829
2.65	-52.524996181275554	0.2801653603037767	-0.900323350205368	1776324391501042e-34	0.6698471808239009
2.7	-52.52498926999104	0.27730804420501753	-0.9018539649910738	23872937174067883e-35	0.6704199948897809
2.75	-52.5249833822578	0.2738779377222123	-0.9034665261846041	22102187161765263e-35	0.6709880102398604
2.8	-52.524978783544	0.2700679478328529	-0.9050896231626044	24025002895515602e-35	0.6715312187580081
2.85	-52.524975665186304	0.2661003996895926	-0.9066466359773769	18206623682287282e-35	0.6720297669792599
2.9	-52.52497413424531	0.26221027095910127	-0.9080608999553417	20895487586678837e-35	0.6724656150717631
2.95	-52.5249742083554	0.25862779207947273	-0.9092610472428141	18980056025201485e-35	0.6728239427093874
3	-52.52497581585044	0.2555617378414147	-0.910186093447615	2050446983793278e-34	0.6730942512671412
3.05	-52.524978801105526	0.25318464384021855	-0.9107898533477276	19748409107956454e-35	0.6732711468157765
3.1	-52.52498293473957	0.25162099932636484	-0.9110443238070366	259372987677358e-33	0.6733548089357745
3.15	-52.52498792798254	0.25093921276604436	-0.910941759893576	2305222823795138e-34	0.6733511570258326
3.2	-52.524993450283205	0.25114783999909857	-0.9104952829017282	23757575218229335e-35	0.6732717218032601
3.25	-52.5249991490367	0.25219623235268557	-0.9097379846449846	24888826192806438e-35	0.6731332206147033
3.3	-52.525004670204225	0.2539794295615703	-0.9087206177489474	26514269229849543e-35	0.6729568280068084
3.35	-52.52500967854512	0.25634681493038414	-0.9075080740039858	25126764095188033e-35	0.6727671349570852
3.4	-52.525013876249965	0.2591137899633446	-0.906174941694469	17107797566118075e-35	0.6725908069292411
3.45	-52.52501701888172	0.2620755302656383	-0.9048004913361082	2243835996535963e-34	0.6724549844993625
3.5	-52.52501892771747	0.26502176580469977	-0.903463464706141	1091346154298867e-34	0.672385516765607
3.55	-52.525019497846436	0.2677514922248704	-0.9022370357096002	13858929321848047e-35	0.6724051666203036
3.6	-52.52501870164286	0.2700865650347802	-0.9011842779291855	18005206902430985e-35	0.672531963267196
3.65	-52.52501658754891	0.27188324829762045	-0.9003544190777311	27807578508590146e-35	0.6727778860697557
3.7	-52.525013274387	0.27304097189050963	-0.8997800941059926	26892209510911645e-35	0.6731480361719633
3.75	-52.52500894170375	0.2735077803336074	-0.8994757330924861	26511795984373874e-35	0.6736403911818669
3.8	-52.52500381687773	0.2732822128215025	-0.8994371428017758	2421572422821682e-34	0.6742461579272059
3.85	-52.52499815990653	0.2724116184575043	-0.8996422661183755	24385806569165844e-35	0.6749506588807134
3.9	-52.52499224690917	0.2709871631983251	-0.9000530344261322	24392746641701983e-35	0.6757346268483492
3.95	-52.52498635342186	0.2691360078491963	-0.9006181666143095	26903277612914695e-35	0.6765757493480574
4	-52.524980738546546	0.2670113148086466	-0.9012767166681666	29697643613683953e-35	0.677450299163216
4.05	-52.52497563092281	0.26478086431648856	-0.9019621317062523	2895351768761281e-34	0.6783347049010311
4.1	-52.524971217328755	0.26261512246734764	-0.9026065559471218	29475182671797197e-35	0.6792069465820021
4.15	-52.52496763453619	0.2606756018251036	-0.9031451054366502	29454370633654083e-35	0.6800476982675437
4.2	-52.52496496478312	0.25910429445158534	-0.9035198449477692	267893310110628e-33	0.6808411762236454
4.25	-52.52496323500297	0.25801484414650755	-0.903683222767304	28732179677324805e-35	0.6815756829185295
4.3	-52.524962419665485	0.25748597075824325	-0.9036007601471668	29888978600342716e-35	0.6822438618699165
4.35	-52.52496244686691	0.25755747808826696	-0.9032528473884072	28719383553719206e-35	0.6828426950025333
4.4	-52.52496320708639	0.25822898296514857	-0.9026355636223097	30320144125690786e-35	0.6833732828706984
4.45	-52.52496456388537	0.2594613113388726	-0.901760506929414	284931978931837e-33	0.6838404499546757
4.5	-52.52496636568209	0.2611803314454543	-0.900653689495364	28119768344424977e-35	0.6842522142621746
4.55	-52.52496845774681	0.26328284577774547	-0.8993536132305276	30377465285172263e-35	0.6846191552882899
4.6	-52.524970693523436	0.26564405141696035	-0.8979086897768686	3026087277450729e-34	0.6849537096656746
4.65	-52.52497294451735	0.2681260074866945	-0.8963742016980351	28688769144653267e-35	0.6852694215103582
4.7	-52.52497510808059	0.27058652079517237	-0.8948090173315955	2904205132566356e-34	0.6855801752653607
4.75	-52.52497711263079	0.2728878744571854	-0.8932722706018891	2799949594343413e-34	0.685899442164687
4.8	-52.52497892002965	0.27490487481271364	-0.8918202010256722	29366595531828543e-35	0.686239575561288
4.85	-52.52498052507386	0.2765317723703896	-0.8905033213983843	31327095988064196e-35	0.68661119285094
4.9	-52.52498195225894	0.2776877143810606	-0.8893640451085818	3090647265331138e-34	0.6870226801859061
4.95	-52.52498325018104	0.27832050090023164	-0.8884348656911331	32107780382019107e-35	0.6874798491309387
5	-52.52498448410378	0.27840853386940523	-0.8877371417207237	3106030955006212e-34	0.6879857620040014
5.05	-52.52498572733527	0.27796096170462314	-0.8872805033678122	32411396032783487e-35	0.6885407268319929
5.1	-52.524987052144475	0.27701612336107045	-0.8870628648743858	3087137140296117e-34	0.6891424470907852
5.15	-52.524988520954224	0.27563848080186454	-0.8870710009013391	3095320241121404e-34	0.6897862995053533
5.2	-52.52499017851165	0.27391429407052	-0.8872816243610098	30859575366504824e-35	0.6904657075057573
5.25	-52.524992045661094	0.27194633743822	-0.8876628885467771	32452781857591116e-35	0.691172577757467
5.3	-52.52499411520527	0.26984797872695604	-0.8881762262837555	3309846945884546e-34	0.6918977691695697
5.35	-52.52499635018798	0.2677369486280905	-0.8887784324856273	3286027955938141e-34	0.6926315649848713
5.4	-52.52499868474368	0.26572911536340943	-0.8894238930275459	3174367307972821e-34	0.693364119295353
5.45	-52.52500102747197	0.2639325556746005	-0.8900668615950426	31689318719470075e-35	0.694085852582154
5.5	-52.52500326711436	0.2624421793541626	-0.8906636868477265	3307096012292888e-34	0.6947877788147607
5.55	-52.52500528013654	0.26133512464000413	-0.8911748949083493	3332889464818566e-34	0.6954617583472255
5.6	-52.5250069396847	0.26066709860992354	-0.8915670372170021	32276401737418104e-35	0.69610068314191
5.65	-52.52500812527941	0.2604697923924196	-0.8918142217172046	33701021693212535e-35	0.6966986104459968
5.7	-52.52500873256123	0.26074945697398516	-0.8918992567124555	3389985773286437e-34	0.6972508658823582
5.75	-52.52500868237216	0.26148668233044864	-0.8918143519105319	3404722146313927e-34	0.6977541363463451
5.8	-52.52500792851592	0.26263738065491815	-0.8915613401740955	3396582781738739e-34	0.6982065675535839
5.85	-52.52500646358981	0.2641349333350042	-0.89115140585346	35011379443088055e-35	0.6986078717749258
5.9	-52.525004322436615	0.2658934206766873	-0.8906043303178922	349585730681725e-33	0.6989594400421938
5.95	-52.52500158288012	0.2678118129808343	-0.8899472909739171	34788878124553476e-35	0.6992644420863536
6	-52.52499836359573	0.26977896167984267	-0.8892132748858319	35130740350496806e-35	0.6995278884853007
6.05	-52.52499481917063	0.2716791906843757	-0.8884391901948305	34867620080851473e-35	0.6997566242459183
6.1	-52.524991132545715	0.2733982524337032	-0.88766377608631	34621224582394796e-35	0.6999592219171281
6.15	-52.52498750525703	0.2748293826340497	-0.8869254236711417	34908024399862573e-35	0.700145746002419
6.2	-52.524984146006176	0.27587916507999366	-0.8862600249551065	3458642920963626e-34	0.7003273700649641
6.25	-52.52498125823242	0.2764729063153249	-0.8856989648706173	350167021153082e-33	0.7005158443152565
6.3	-52.524979027424955	0.2765592221259338	-0.8852673625743356	35181295239577815e-35	0.7007228338176084
6.35	-52.52497760895967	0.27611355638184737	-0.884982653865171	34830794278044706e-35	0.700959172737909
6.4	-52.52497711723556	0.2751403890583404	-0.884853587982692	35664235380173776e-35	0.7012341033921206
6.45	-52.52497761681016	0.2736739446104078	-0.884879690654016	34681538416715513e-35	0.7015545843387672
6.5	-52.52497911616215	0.27177728300330933	-0.8850512224016309	34680604846650416e-35	0.7019247539341885
6.55	-52.524981564536155	0.26953974077944204	-0.8853496378413575	34401751918453083e-35	0.7023456217205734
6.6	-52.52498485217552	0.26707278422041064	-0.8857485286743386	34716690287327627e-35	0.7028150311767131
6.65	-52.524988814043	0.26450443530991447	-0.8862150106663476	3312860420003427e-34	0.7033278997620228
6.7	-52.524993236934705	0.2619725272817267	-0.8867114933056387	333221867534415e-33	0.7038767045157553
6.75	-52.52499786967892	0.25961713309569434	-0.8871977502664037	33608399755674587e-35	0.704452151846886
6.8	-52.52500243592703	0.2575725804114506	-0.8876331897792986	34448103489561426e-35	0.7050439533952984
6.85	-52.52500664889945	0.2559595144244959	-0.8879792074541407	3439991543790997e-34	0.7056416267666539
6.9	-52.525010227280774	0.25487749043714303	-0.8882014914185338	3436014672541061e-34	0.7062352483452216
6.95	-52.5250129114121	0.2543985681045206	-0.8882721426115866	3535713747164189e-34	0.7068161015517875
7	-52.5250144788685	0.2545623378028929	-0.8881714736070115	3529104392540521e-34	0.7073771837148766
7.05	-52.52501475852825	0.25537273761810214	-0.8878893591180826	34657312634511066e-35	0.7079135543997561
7.1	-52.525013642312736	0.2567969204002693	-0.8874260313447165	3392977185124418e-34	0.708422524709428
7.15	-52.52501109387141	0.2587663096417297	-0.8867922436035872	33856301031170527e-35	0.7089036989536218
7.2	-52.52500715365334	0.26117984788564796	-0.8860087649910922	33775538216917847e-35	0.709358886510656
7.25	-52.52500193999084	0.26390930060735374	-0.8851052146614518	3412672922583252e-34	0.7097919030672108
7.3	-52.524995646020734	0.2668063414780033	-0.8841182930369933	3422206107737833e-34	0.7102082780632278
7.35	-52.52498853249928	0.26971102122584834	-0.8830895145457175	34100215373089294e-35	0.7106148812377004
7.4	-52.52498091678382	0.27246112102020525	-0.882062587726577	34511142555566872e-35	0.7110194782618944
7.45	-52.52497315845715	0.27490182025623167	-0.8810806195272397	35234769364227484e-35	0.711430226011873
7.5	-52.52496564227567	0.2768950737911963	-0.880183338029491	4419656144456451e-34	0.7118551235195806
7.55	-52.52495875924858	0.27832809866286856	-0.8794045296804278	6105573169366005e-34	0.712301444597606
7.6	-52.52495288679174	0.2791204159408297	-0.8787698729804917	8672933742773934e-34	0.7127751897671817
7.65	-52.524948368965795	0.27922897752765746	-0.8782953216828387	12495414988377985e-34	0.7132806039432293
7.7	-52.524945497805156	0.2786510254739244	-0.8779861495450068	18087445468091974e-34	0.7138198080054753
7.75	-52.52494449673821	0.2774244751490137	-0.877836719288809	26011962651776965e-34	0.7143925849350112
7.8	-52.52494550699294	0.2756257737891047	-0.8778309850617572	3668154719803871e-33	0.7149963460997041
7.85	-52.52494857775729	0.27336535150614016	-0.8779436848979086	49814507898623485e-34	0.7156262845392171
7.9	-52.524953660689704	0.270780941198669	-0.8781421316757944	6455420620922379e-33	0.7162757040178398
7.95	-52.52496060915833	0.2680291856813703	-0.8783884713996374	8003587626976822e-33	0.7169364978695094
8	-52.52496918237186	0.2652760646492383	-0.878642248860995	9682133687521932e-33	0.7175997409269869
8.05	-52.52497905429303	0.2626867526772236	-0.8788631043596657	11674477156749447e-33	0.7182563505693874
8.1	-52.52498982700812	0.26041555676997136	-0.8790134215804816	14269399830993295e-33	0.7188977684511737
8.15	-52.52500104796166	0.25859657545446746	-0.8790607553527967	17861342622978763e-33	0.7195166125285336
8.2	-52.525012230289036	0.25733567165396165	-0.8789798874785082	22934632375493743e-33	0.7201072497548228
8.25	-52.52502287527027	0.25670426228608284	-0.8787543871158693	3005113790682303e-32	0.7206662436297123
8.3	-52.525032495838374	0.2567353051619114	-0.8783775869958876	3980249221884004e-32	0.7211926379196535
8.35	-52.52504063997901	0.25742171705708006	-0.8778529255073322	526032056494465e-31	0.7216880483657035
8.4	-52.52504691285303	0.2587172961032257	-0.8771936449149713	6821324425791338e-32	0.7221565478252225
8.45	-52.525050996525955	0.26054005805064046	-0.8764218753347203	8528603537251487e-32	0.7226043465045379
8.5	-52.525052666297164	0.2627777406376481	-0.875567170497792	10227417689344698e-32	0.7230392867733368
8.55	-52.525051802761745	0.2652950936543317	-0.8746645930272333	11933107074467393e-32	0.7234701900748807
8.6	-52.5250483989873	0.26794246321608045	-0.8737524724869062	13816202318646042e-32	0.7239061097509198
8.65	-52.525042562383796	0.27056510410914003	-0.8728699777256513	16095571933492585e-32	0.724355555939266
8.7	-52.52503451112912	0.27301261818975553	-0.8720546552122855	19059875053899036e-32	0.7248257647771591
8.75	-52.52502456529995	0.2751479213259731	-0.8713400866060078	2297951217418457e-31	0.7253220820717415
8.8	-52.52501313308869	0.2768551850915863	-0.8707538114971228	28075521261673537e-32	0.7258475205312714
8.85	-52.52500069275755	0.2780462785295857	-0.8703156451956239	3465722319437395e-31	0.7264025303401328
8.9	-52.5249877711913	0.2786653436398759	-0.8700364971703677	43120219425955847e-32	0.7269849979205514
8.95	-52.524974920061524	0.27869126780099585	-0.8699177642866462	5387131930334843e-31	0.7275904612990193
9	-52.52496269075647	0.27813795784101847	-0.869951335966778	6721868051689539e-31	0.7282125073520466
9.05	-52.52495160926935	0.27705246408419626	-0.8701202080033472	8337581004591e-28	0.7288433003908018
9.1	-52.524942152252464	0.2755111387062972	-0.8703996606934098	10258502322129728e-31	0.7294741850718037
9.15	-52.524934725368084	0.2736141322394565	-0.870758918273833	12503531953772478e-31	0.7300963087829646
9.2	-52.52492964497306	0.2714786276128222	-0.8711631734293934	15094041965273618e-31	0.7307012166077459
9.25	-52.524927123976255	0.2692312771538757	-0.8715758357590991	1807517239975975e-30	0.7312813824410711
9.3	-52.52492726254049	0.2670003412134938	-0.8719608487614143	2154195080859952e-30	0.7318306506645644
9.35	-52.52493004401954	0.26490802662385543	-0.8722849174599531	2563943213789986e-30	0.7323445730593676
9.4	-52.52493533630466	0.2630634905255071	-0.872519498454926	30523476567422037e-31	0.7328206347080853
9.45	-52.52494289845699	0.26155691383009994	-0.8726424249955156	3631689241546755e-30	0.7332583696623075
9.5	-52.52495239228854	0.26045496412158947	-0.8726390696098939	4310810220341352e-30	0.7336593714733652
9.55	-52.524963398276604	0.2597978668403076	-0.8725029830495082	5097297627971182e-30	0.7340272054078317
9.6	-52.52497543503934	0.2595981935861799	-0.8722359874601844	59966563723513575e-31	0.7343672292382968
9.65	-52.5249879814032	0.25984136493817833	-0.8718477403454105	70133632385518425e-31	0.7346863292839713
9.7	-52.525000500014976	0.2604877595673411	-0.8713548209076041	8162028769660011e-30	0.734992579157145
9.75	-52.525012461366444	0.26147622802955767	-0.870779419246584	9464024442337199e-30	0.7352948312600557
9.8	-52.52502336711808	0.26272873365664007	-0.8701477299981839	10901867287137084e-30	0.7356022556017653
9.85	-52.525032771653215	0.2641557881464552	-0.8694881645347348	12379307808851556e-30	0.7359238463943604
9.9	-52.52504030089888	0.26566231791295036	-0.8688294999135215	13751752253282794e-30	0.7362679229742133
9.95	-52.525045667605276	0.26715358951685547	-0.8681990791437297	14891056633327318e-30	0.7366416563759387
10	-52.52504868244521	0.26854083756968133	-0.8676211672698997	1573942372786335e-29	0.7370506548650821
10.05	-52.525049260522074	0.2697462740774916	-0.8671155526905089	16370278926715703e-30	0.7374986398359296
10.1	-52.525047423082356	0.27070721088215605	-0.8666964645557578	1699473055391124e-29	0.7379872373995537
10.15	-52.52504329447449	0.2713790925017456	-0.8663718563705051	17870014207627368e-30	0.7385159013994691
10.2	-52.5250370945925	0.2717373106305253	-0.8661430841770879	19199915027723503e-30	0.7390819720441832
10.25	-52.525029127264396	0.27177774903469165	-0.8660049858297725	2110075558311936e-29	0.7396808628353173
10.3	-52.52501976520126	0.27151608390165716	-0.8659463466437022	23614064473413463e-30	0.7403063587663942
10.35	-52.52500943227363	0.27098593558613576	-0.8659507167704112	26727650420723815e-30	0.7409510018408845
10.4	-52.524998583972014	0.2702360294638001	-0.8659975276699667	3040056573018766e-29	0.741606535838665
10.45	-52.524987686964664	0.2693265733358399	-0.8660634396943152	3459578641223492e-29	0.7422643804668511
10.5	-52.52497719868478	0.2683250944754151	-0.8661238407814578	3931421569098967e-29	0.7429161051767594
10.55	-52.52496754784253	0.26730199983366976	-0.8661544082956368	44617676840485035e-30	0.7435538749775128
10.6	-52.52495911668392	0.26632612789117316	-0.8661326427324749	50610602387091715e-30	0.7441708445719539
10.65	-52.52495222573116	0.2654605507488375	-0.8660392837205922	5741293031075773e-29	0.7447614827815177
10.7	-52.52494712159194	0.2647588616241532	-0.865859525588436	6517325745562893e-29	0.7453218157284566
10.75	-52.5249439682741	0.26426214786626356	-0.8655839615037811	7404883778441827e-29	0.7458495835671719
10.8	-52.524942842288986	0.2639968052728423	-0.8652092012403041	8412003633994459e-29	0.7463443107952705
10.85	-52.52494373163891	0.2639732985036341	-0.864738127017338	9536814123249566e-29	0.7468072938348793
10.9	-52.52494653862179	0.26418591749339565	-0.8641797733679901	10778800976378923e-29	0.7472415116493859
10.95	-52.524951086229144	0.2646135237275828	-0.8635488392251506	1214986585043343e-28	0.7476514660427824
11	-52.52495712775709	0.26522122571947915	-0.8628648619222135	13666123262918584e-29	0.7480429585769581
11.05	-52.52496435913875	0.2659628725088253	-0.8621511022209363	1531858976246196e-28	0.7484228113672388
11.1	-52.52497243340256	0.2667842097543114	-0.8614332056616459	17043984185667487e-29	0.7487985398671967
11.15	-52.524980976580565	0.267626507010176	-0.8607377176317131	18729301747446165e-29	0.7491779873845683
11.2	-52.52498960437482	0.2684304387477528	-0.8600905370268181	20263022476140824e-29	0.7495689334681438
11.25	-52.524997938854085	0.26913998693568214	-0.8595153960329311	2159168469043965e-28	0.7499786912105895
11.3	-52.52500562448928	0.2697061304493614	-0.8590324515123545	2272886358086305e-28	0.7504137115026825
11.35	-52.525012342880586	0.2700900966852131	-0.8586570670705647	23734518414937673e-29	0.750879214855569
11.4	-52.525017825589345	0.27026597340749314	-0.8583988545903872	2470974527754161e-28	0.7513788730863171
11.45	-52.52502186460119	0.27022251334424086	-0.858261030448083	25793633640110234e-29	0.7519145634514509
11.5	-52.52502432003045	0.269964009007548	-0.8582401254000193	2714274091466651e-28	0.7524862161836456
11.55	-52.52502512481337	0.26951016861132365	-0.8583260688847044	28902706256242896e-29	0.7530917722766819
11.6	-52.52502428625202	0.268894983137424	-0.8585026489213091	31179410901279296e-29	0.7537272613721837
11.65	-52.52502188440774	0.26816463636334387	-0.8587483286423307	34008736109791196e-29	0.7543869999331665
11.7	-52.52501806745448	0.2673745704318502	-0.8590373805668635	373357899624776e-27	0.7550638987373771
11.75	-52.52501304423227	0.26658587555126806	-0.859341280930049	4104292142793289e-28	0.7557498582008568
11.8	-52.525007074343314	0.2658612199594845	-0.8596302898221061	4506164521706285e-28	0.7564362224469214
11.85	-52.52500045621676	0.26526057197932246	-0.8598751296077172	4949706741920592e-28	0.7571142598401172
11.9	-52.52499351366348	0.26483698703039654	-0.8600486650280383	5460660204120499e-28	0.757775638935234
11.95	-52.52498658147112	0.2646327368468978	-0.8601274846051045	6063372749494652e-28	0.7584128731866698
12	-52.5249799906549	0.26467604488468066	-0.860093285531875	6767594131827923e-28	0.7590197134981641
12.05	-52.52497405396252	0.26497866110548696	-0.8599339734633604	7566967579580822e-28	0.7595914731407447
12.1	-52.524969052237786	0.26553446228905786	-0.8596444042111802	8444504533788654e-28	0.7601252737656922
12.15	-52.52496522221522	0.2663192031623408	-0.8592267156419463	9378693404004225e-28	0.7606202039543072
12.2	-52.52496274624477	0.26729147238516676	-0.8586902238753795	10345134913917878e-28	0.7610773833275696
12.25	-52.52496174438373	0.2683948300605551	-0.8580508863000407	11316480020161223e-28	0.7614999263790495
12.3	-52.52496226919205	0.26956102479696104	-0.8573303627381664	12265208291836758e-28	0.76189280173126
12.35	-52.52496430344982	0.2707141135798049	-0.8565547330414929	13163725371882943e-28	0.7622625852566702
12.4	-52.52496776090094	0.27177524191563035	-0.85575295240516	13979557142442234e-28	0.7626171100852774
12.45	-52.52497249000518	0.27266778962254784	-0.8549551429719151	14675329577760141e-28	0.7629650232448255
12.5	-52.52497828053524	0.27332255327647553	-0.8541908305386016	15220180630800304e-28	0.7633152673776172
12.55	-52.52498487274967	0.27368262269083843	-0.8534872376916608	1560637811325283e-27	0.76367651585693
12.6	-52.524991968755764	0.27370761764277574	-0.8528677395891178	15859485334629364e-28	0.764056599227267
12.65	-52.524999245576296	0.2733769826380592	-0.8523505766452469	16037218237404287e-28	0.7644619682020629
12.7	-52.52500636936178	0.27269209054902077	-0.8519479006571837	16218966777527592e-28	0.7648972412720514
12.75	-52.525013010137414	0.2716769776354885	-0.8516652087594346	16487389296651515e-28	0.7653648815455447
12.8	-52.52501885645122	0.27037761851008324	-0.8515011946586736	16906650465117344e-28	0.7658650371253177
12.85	-52.5250236292817	0.2688597445897713	-0.8514480206592572	17506291162347846e-28	0.7663955630944944
12.9	-52.52502709460577	0.2672053071926462	-0.8514919885281386	1828016581529142e-27	0.7669522235723446
12.95	-52.52502907406974	0.2655077799835513	-0.8516145634592972	19208323303421397e-28	0.767529052807622
13	-52.52502945328887	0.2638665783042918	-0.8517936844352266	20299491244269498e-28	0.7681188383940207
13.05	-52.525028187406846	0.26238093897275616	-0.8520052772419064	2162580196590069e-27	0.7687136799575461
13.1	-52.52502530364994	0.26114364837284443	-0.8522248740127125	23306624216706427e-28	0.7693055739586991
13.15	-52.52502090073818	0.2602350255070246	-0.852429235872447	2544989877060774e-27	0.7698869786176371
13.2	-52.52501514516597	0.25971755831946763	-0.8525978735484521	2810586444394766e-27	0.7704513201453058
13.25	-52.52500826447654	0.25963155611092276	-0.8527143653943984	31250507175006633e-28	0.7709934101132231
13.3	-52.52500053779885	0.2599921202826915	-0.8527673834495921	3479120388317142e-27	0.7715097526048408
13.35	-52.524992284041055	0.26078765379374547	-0.8527513555825702	3860161750574725e-27	0.7719987284262294
13.4	-52.524983848225375	0.26198003195305414	-0.8526667146615183	42576708045092204e-28	0.7724606519588828
13.45	-52.52497558655801	0.263506450008125	-0.8525197129360264	4666249667582759e-27	0.7728977037826004
13.5	-52.52496785086338	0.26528285362308285	-0.8523218098345616	50829016173067855e-28	0.7733137485438185
13.55	-52.524960973079146	0.2672087541362054	-0.8520886721562624	5501072082905886e-27	0.7737140526034227
13.6	-52.52495525049072	0.26917313848062563	-0.8518388547779662	590601128289211e-26	0.7741049200347496
13.65	-52.524950932371226	0.2710611100598855	-0.8515922550433157	6274098698101903e-27	0.7744932689266261
13.7	-52.524948208640275	0.27276084667212036	-0.8513684527632693	6577329928052786e-27	0.7748861729034267
13.75	-52.52494720107046	0.27417043818805775	-0.8511850585262458	6793051218515612e-27	0.7752903952317094
13.8	-52.524947957453946	0.27520417173589035	-0.8510561945985275	69157676798005516e-28	0.7757119444553371
13.85	-52.52495044903142	0.2757978653635222	-0.8509912246767278	6964625307092348e-27	0.7761556805867669
13.9	-52.5249545713163	0.27591291039605065	-0.8509938318125527	6978872191069937e-27	0.776624998866684
13.95	-52.52496014831225	0.2755387641117412	-0.8510615194930967	7001151604521481e-27	0.7771216136127601
14	-52.52496693995666	0.27469373257560903	-0.8511855806650113	7063079244010888e-27	0.7776454577867067
14.05	-52.52497465248366	0.2734239920260852	-0.8513515449585107	7182970025643101e-27	0.7781947052235879
14.1	-52.524982951255694	0.27180090894565007	-0.8515400780998515	7371255412755764e-27	0.7787659130065796
14.15	-52.52499147550037	0.26991682649619014	-0.8517282732848619	7636838548539855e-27	0.779354272399824
14.2	-52.52499985430482	0.2678795812985309	-0.8518912453091102	7991182449117732e-27	0.7799539490880243
14.25	-52.52500772313419	0.2658060933081785	-0.8520039162158376	8448011614433035e-27	0.7805584878651551
14.3	-52.52501474014717	0.2638154277329355	-0.8520428672434393	9019525833462605e-27	0.7811612535925964
14.35	-52.52502060154619	0.2620217580702291	-0.8519881269240223	9713542744683277e-27	0.7817558790795914
14.4	-52.525025055279286	0.26052766173120656	-0.8518247697384335	10533978122919535e-27	0.7823366911870998
14.45	-52.52502791244289	0.2594181545794622	-0.8515442132925533	11482821845883234e-27	0.7828990885320664
14.5	-52.525029055861104	0.2587558201110302	-0.8511451232444641	12560878500754288e-27	0.7834398473557211
14.55	-52.525028445437364	0.2585773166734746	-0.850633862315394	13766323168980834e-27	0.7839573362347695
14.6	-52.52502612000922	0.2588914571673644	-0.8500244504055314	15091463347871644e-27	0.7844516253057748
14.65	-52.52502219560164	0.2596789561673548	-0.8493380346666429	16518037859026836e-27	0.7849244815501646
14.7	-52.52501686013988	0.2608938359422365	-0.8486018990759592	18011375239703222e-27	0.7853792484295747
14.75	-52.52501036484794	0.26246638209897266	-0.8478480708359933	1951543192536226e-26	0.7858206156201288
14.8	-52.52500301270491	0.26430744779192594	-0.8471116045730178	20952982371147273e-27	0.786254292429513
14.85	-52.52499514448548	0.2663138281035622	-0.8464286438998142	22234973319499118e-27	0.7866866061407294
14.9	-52.52498712301418	0.26837436768906675	-0.8458343725061687	23279851448087432e-27	0.7871240532670939
14.95	-52.524979316368515	0.27037642812086504	-0.8453609726808282	2403934033573006e-26	0.7875728366620454
15	-52.524972080806535	0.2722123281456595	-0.8450357078994255	2452103548026292e-26	0.7880384237588626

