L= 50  beta= 0.0  t_max= 10.0  steps= 2000  D= 200  prec= 1.0e-20  delta= 0.1
# t 	 E 	 mag 	 corr 	 err 	 entropy
0.05	-52.69344702364053	0.24931564535774853	-0.919123621066663	13360296801391473e-35	0.1835845935999652
0.1	-52.65974257704114	0.24926422348090183	-0.9191467004347745	16749591960360645e-36	0.18359713908178066
0.15	-52.59401040000634	0.24912154105610598	-0.9192105986205356	12940271263522595e-37	0.1836121295697447
0.2	-52.48003121663671	0.2487930712098931	-0.9193565737830617	12368624396571792e-37	0.1836325385368845
0.25	-52.30542540732223	0.24812207887103724	-0.9196502184372973	11783713355143362e-37	0.18366350029953277
0.3	-52.07152459272701	0.24688099197762045	-0.9201804752781461	1122770799569756e-36	0.18371241348263875
0.35	-51.80236421108819	0.24478667678711744	-0.9210479919611688	10866160395459192e-37	0.18378802778676503
0.4	-51.54554984621229	0.24155079918102812	-0.9223454891461238	11860441457464734e-37	0.18389815216201133
0.45	-51.3598552094434	0.23696339657242427	-0.9241398336156676	20141270679769475e-37	0.18404620732719568
0.5	-51.29248857068654	0.2309885726070468	-0.9264622794190076	3601007186214737e-36	0.18422762810817211
0.55	-51.357917810755154	0.22383676976341504	-0.929299870249628	1737897309734118e-35	0.1844276349123675
0.6	-51.531537114971876	0.21597983353875438	-0.9325760870957249	15551470135553593e-36	0.1846217061164477
0.65	-51.76222172583944	0.20809552680337634	-0.9361260166548583	12152852678863807e-36	0.184779134501491
0.7	-51.99516738373327	0.200956890676298	-0.9396917788026389	306836108997252e-34	0.18486875631461755
0.75	-52.191164465587796	0.19530244858464804	-0.9429574777305482	4715579764288586e-36	0.1848649989884154
0.8	-52.33377750997516	0.19172526714039484	-0.9456125525840202	5879271341777973e-36	0.184752382761309
0.85	-52.42526617335707	0.1906043692801545	-0.9474115453185111	7659374864580922e-36	0.18452753991382706
0.9	-52.47759503213996	0.1920820184655466	-0.9482059544604363	1111777729794693e-35	0.18419900328034783
0.95	-52.504458711624736	0.1960761280755361	-0.9479460540878311	28158396268754586e-36	0.18378574146368015
1	-52.516882195206016	0.20231292710172624	-0.9466651290703328	49158337681155745e-36	0.18331556117792555
1.05	-52.52206664602278	0.21036833576142508	-0.9444590547231957	3595768201723458e-35	0.18282393941646422
1.1	-52.524019476378776	0.2197119052063066	-0.9414677578315529	5055944749547043e-35	0.18235319608495593
1.15	-52.52468292217699	0.22975096279160664	-0.9378596792520961	45552195128225555e-36	0.18195142336729514
1.2	-52.524885891668625	0.2398739815469596	-0.9338183230014682	8157607678314616e-35	0.1816700098371241
1.25	-52.524941737110886	0.2494920638315767	-0.9295301132562391	7737389063509065e-35	0.1815584615873161
1.3	-52.52495575564637	0.2580769012821137	-0.9251734538064434	1738979656534365e-35	0.1816568530065793
1.35	-52.52495950474161	0.265193268952941	-0.9209093178033968	34145557397030936e-36	0.1819892854695641
1.4	-52.524961478209335	0.2705241888039871	-0.9168737964099866	5012241269701738e-35	0.1825618745961956
1.45	-52.52496377419926	0.2738872889390504	-0.9131729374057489	5959574550026081e-35	0.1833648414544894
1.5	-52.52496689828062	0.275241472407378	-0.9098800314359926	6888270474954856e-35	0.1843758903333796
1.55	-52.524970976616885	0.2746836911647096	-0.9070353199591333	8373061199515905e-35	0.18556321451978613
1.6	-52.52497602165899	0.2724363189241717	-0.9046479334775143	7388543132769799e-35	0.18688802631772203
1.65	-52.524981980184165	0.26882626956431555	-0.9026997330759258	7493566432737873e-35	0.1883069516735011
1.7	-52.52498873964098	0.2642575653024301	-0.901150627408908	11707527723372205e-35	0.18977449248059497
1.75	-52.52499613021068	0.2591794811833394	-0.8999448725224872	8027352793917797e-35	0.19124556686838848
1.8	-52.525003929637386	0.2540526513060127	-0.8990178328879193	1051934378684596e-34	0.192678026557869
1.85	-52.525011871871826	0.24931560227380187	-0.8983026872769436	8880434016262636e-35	0.19403500388256
1.9	-52.52501965930266	0.24535407895554523	-0.8977366002549846	8667043177426519e-35	0.19528691878949825
1.95	-52.52502697795285	0.24247525860452476	-0.8972659457512527	11334081342939913e-35	0.1964129550416515
2	-52.52503351471753	0.24088853576415528	-0.8968502587538894	1376486913491344e-34	0.19740183250819207
2.05	-52.52503897558742	0.24069403637648815	-0.896464698598909	14299028328147936e-35	0.19825183805087726
2.1	-52.52504310364966	0.24187942655812308	-0.8961009251461673	1801411850866173e-34	0.19897024373855338
2.15	-52.525045695659976	0.24432496504038229	-0.895766409050076	1764223249043842e-34	0.19957221703154615
2.2	-52.52504661603164	0.24781615416521982	-0.895482310878528	13293158954453749e-35	0.20007921373891493
2.25	-52.52504580723014	0.2520628154893539	-0.8952801632784925	15178828472845527e-35	0.2005168766295704
2.3	-52.525043295784386	0.25672298930507714	-0.895197669486274	1626524785967076e-34	0.20091258501487846
2.35	-52.52503919339951	0.2614297609386628	-0.8952739859533041	8945816196484193e-35	0.20129288792263794
2.4	-52.52503369297095	0.2658189682781394	-0.8955448844875266	1304973830241187e-34	0.2016810858317817
2.45	-52.525027059640315	0.2695557508887956	-0.8960381897027813	13121466126821322e-35	0.2020952156512705
2.5	-52.525019617360115	0.272358055980218	-0.8967698617310138	1936329585262616e-34	0.2025466451177957
2.55	-52.52501173173225	0.27401550421253124	-0.8977410440680378	1889137752619001e-34	0.20303940175063254
2.6	-52.52500379013927	0.27440241334217585	-0.8989363248222528	20005300732649717e-35	0.20357026192301925
2.65	-52.5249961803768	0.27348424729786386	-0.9003233700198247	1743561755853834e-34	0.20412952746618246
2.7	-52.52498926909255	0.2713172652035375	-0.9018539845266214	17968890082883206e-35	0.20470234153183092
2.75	-52.52498338135871	0.2680416502774706	-0.9034665454734162	20684885938611857e-35	0.20527035688170434
2.8	-52.52497878264468	0.26386886495041323	-0.9050896422463436	22524126614474125e-35	0.20581356539968823
2.85	-52.52497566428617	0.25906437263639553	-0.9066466549052263	19622160111885864e-35	0.20631211362082394
2.9	-52.524974133343406	0.25392716159733925	-0.9080609187816221	2409990368371186e-34	0.2067479617132532
2.95	-52.52497420745312	0.24876768390512166	-0.9092610660242241	23190769707130613e-35	0.20710628935082917
3	-52.5249758149464	0.24388587378893808	-0.9101861122401909	22625452641865365e-35	0.207376597908597
3.05	-52.524978800199605	0.23955083571012567	-0.9107898722039602	2518858036442474e-34	0.20755349345726107
3.1	-52.52498293383269	0.23598360382687755	-0.9110443427731172	2242394663879125e-34	0.20763715557725507
3.15	-52.52498792707496	0.23334408987971902	-0.9109417790070417	22046776733571013e-35	0.20763350366725022
3.2	-52.52499344937338	0.23172298124141322	-0.910495302189716	22409204306928783e-35	0.2075540684445744
3.25	-52.52499914812629	0.2311389545247048	-0.9097380041232817	24872448666257537e-35	0.20741556725578897
3.3	-52.525004669293146	0.23154116415613335	-0.9087206374217363	24287417944734496e-35	0.20723917464752073
3.35	-52.52500967763351	0.23281658046865622	-0.9075080938645803	2503298752369093e-34	0.20704948159724873
3.4	-52.5250138753381	0.23480141591208126	-0.9061749617269031	22357194830635106e-35	0.20687315356869856
3.45	-52.52501701796937	0.23729561372697627	-0.9048005115174572	21403701263532498e-35	0.20673733113792586
3.5	-52.5250189268051	0.24007919720246482	-0.9034634850096311	2571233265574234e-34	0.2066678634031004
3.55	-52.52501949693468	0.24292919838121452	-0.9022370561081462	23792632156184764e-35	0.2066875132566229
3.6	-52.5250187007318	0.24563590403258678	-0.9011842983992786	2494837369293185e-34	0.20681430990224958
3.65	-52.525016586638735	0.24801726773948243	-0.9003544396033892	26757464012425735e-35	0.20706023270354645
3.7	-52.52501327347734	0.24993052733086502	-0.8997801146824422	25632754706454964e-35	0.20743038280459303
3.75	-52.525008940795466	0.2512803186656315	-0.899475753729494	26550226689480816e-35	0.207922737813496
3.8	-52.52500381597024	0.2520228682968867	-0.8994371635259791	28015926066521534e-35	0.2085285045581359
3.85	-52.524998159000496	0.2521661553163907	-0.8996422869748004	26361305699353173e-35	0.20923300551131438
3.9	-52.52499224600415	0.2517662331683056	-0.9000530554782369	29871126625120852e-35	0.21001697347906956
3.95	-52.52498635251713	0.25092017362727326	-0.9006181879426234	29704154314678944e-35	0.21085809597944305
4	-52.52498073764288	0.2497563189152291	-0.9012767383673844	28484986799911016e-35	0.21173264579581139
4.05	-52.52497563001969	0.24842269002580433	-0.9019621538806954	2972359987158602e-34	0.21261705153539415
4.1	-52.524971216426124	0.24707449098596174	-0.9026065787046867	2968176268020544e-34	0.21348929321866764
4.15	-52.524967633633835	0.24586166696961584	-0.9031451288815282	29912682058377795e-35	0.2143300449069654
4.2	-52.524964963880215	0.24491742149137444	-0.9035198691721944	31609440002931704e-35	0.2151235228662181
4.25	-52.52496323410002	0.24434848211748436	-0.9036832478428705	30838682983599576e-35	0.21585802956445838
4.3	-52.52496241876184	0.24422773730052372	-0.903600786116206	30793997150201787e-35	0.21652620851926013
4.35	-52.52496244596194	0.24458966428371967	-0.9032528742560225	31334397516810984e-35	0.21712504165509894
4.4	-52.52496320618135	0.24542874653255978	-0.9026355913497972	3132418817897257e-34	0.2176556295260414
4.45	-52.52496456297941	0.24670085621359655	-0.9017605354295262	32535961343383705e-35	0.21812279661214137
4.5	-52.524966364775246	0.24832736922992718	-0.9006537186301424	31743518676408306e-35	0.21853456092087276
4.55	-52.524968456838444	0.25020160140522196	-0.899353642812022	31613789902548027e-35	0.21890150194719818
4.6	-52.52497069261425	0.25219701557774876	-0.8979087195711363	3272551530420208e-34	0.2192360563236058
4.65	-52.52497294360727	0.2541765578153425	-0.8963742314324408	317413093987053e-33	0.2195517681661206
4.7	-52.524975107169496	0.2560024398052802	-0.8948090467054555	3207434198266871e-34	0.21986252191780414
4.75	-52.524977111719046	0.25754569283168205	-0.8932722993002113	3312300973355695e-34	0.2201817888128106
4.8	-52.524978919117096	0.25869487216354053	-0.8918202287354475	3303949340395152e-34	0.22052192220429265
4.85	-52.52498052416088	0.2593633817638424	-0.8905033478268977	33048931827082207e-35	0.22089353948835214
4.9	-52.52498195134565	0.2594950085568742	-0.8893640700029503	3361329231241904e-34	0.22130502681761252
4.95	-52.52498324926818	0.25906739249811733	-0.8884348888580004	33023799614788104e-35	0.22176219575722894
5	-52.52498448319124	0.2580933026324473	-0.8877371630452264	33754638454199037e-35	0.22226810862559768
5.05	-52.52498572642295	0.256619730114237	-0.8872805228306091	340365016456644e-33	0.222823073449969
5.1	-52.52498705123291	0.25472493806325813	-0.8870628825655826	34647153786206867e-35	0.2234247937065355
5.15	-52.52498852004278	0.25251371825899105	-0.8870710170301083	34297701902627105e-35	0.22406864612046798
5.2	-52.524990177601175	0.25011119127825054	-0.8872816392599293	3489127558448047e-34	0.22474805412193963
5.25	-52.52499204475131	0.24765554719556915	-0.8876629026698184	3496760373112831e-34	0.2254549243763358
5.3	-52.52499411429686	0.24529015789652417	-0.8881762401971689	3395552793605504e-34	0.22618011579262132
5.35	-52.52499634928121	0.24315550068206443	-0.8887784468512636	34076880724940437e-35	0.2269139116132714
5.4	-52.5249986838372	0.24138131883307978	-0.8894239085784414	34052569683411015e-35	0.22764646592992566
5.45	-52.52500102656646	0.24007941175128697	-0.89006687910349	3413155948285731e-34	0.2283681992232856
5.5	-52.525003266209666	0.23933739925424174	-0.8906637070865929	3450789106806786e-34	0.22907012546241387
5.55	-52.52500527923273	0.23921374567823603	-0.8911749186067777	34410443039510564e-35	0.22974410500090242
5.6	-52.52500693878096	0.23973426342508455	-0.8915670650122751	3414932058939485e-34	0.2303830298007391
5.65	-52.52500812437611	0.24089024571633938	-0.8918142541050467	3405762249407275e-34	0.23098095710881147
5.7	-52.525008731657465	0.24263830715346416	-0.8918992939980146	34180257553358446e-35	0.23153321254772158
5.75	-52.525008681468684	0.24490194010423857	-0.89181439416345	3440346237622156e-34	0.23203648301266616
5.8	-52.52500792761182	0.2475747262468669	-0.8915613871902583	3403203315966642e-34	0.23248891421927273
5.85	-52.52500646268535	0.2505250767194005	-0.8911514571267125	34511682096473633e-35	0.23289021843843902
5.9	-52.525004321531966	0.2536023120132305	-0.8906043850245845	3444739845871606e-34	0.2332417867022923
5.95	-52.52500158197412	0.2566438348904023	-0.8899473479725631	34064213320636244e-35	0.23354678874204707
6	-52.52499836268909	0.2594830973948211	-0.8892133327341131	346511854631972e-33	0.23381023513604593
6.05	-52.524994818262925	0.26195801813438685	-0.8884392471850401	35048467400904153e-35	0.23403897089164832
6.1	-52.52499113163734	0.2639194706141137	-0.8876638302999379	34674356542788014e-35	0.23424156855831563
6.15	-52.524987504347806	0.2652394401096979	-0.8869254730520787	34951890316530654e-35	0.2344280926400283
6.2	-52.52498414509561	0.2658184382270317	-0.8862600674008227	34784975374868875e-35	0.23460971670044223
6.25	-52.524981257321436	0.265591773657472	-0.8856989983389353	34894327901519778e-35	0.23479819095040455
6.3	-52.524979026513144	0.2645343070151595	-0.8852673852036647	35180364687337334e-35	0.23500518045452615
6.35	-52.52497760804773	0.2626633684683605	-0.8849826641050399	3502402672024768e-34	0.23524151937877366
6.4	-52.52497711632278	0.2600395893418521	-0.8848535847302826	35077866000183476e-35	0.23551645003899394
6.45	-52.524977615897186	0.2567654916145303	-0.8848796733935214	3650513096188473e-34	0.23583693099339526
6.5	-52.52497911524923	0.2529817891844089	-0.885051191341337	39571662280015805e-35	0.23620710059786054
6.55	-52.524981563623136	0.24886147710631276	-0.8853495940444771	50032337757906e-32	0.2366279683939414
6.6	-52.52498485126234	0.24460191333628836	-0.8857484741782446	6837712579607345e-34	0.23709737785968343
6.65	-52.52498881313058	0.24041522421943498	-0.8862149485862425	9749385475201599e-34	0.2376102464537511
6.7	-52.52499323602342	0.2365174816692082	-0.8867114279181987	1390366229342563e-33	0.23815905121464281
6.75	-52.52499786876798	0.23311719820318189	-0.8871976870693213	195283338190206e-32	0.23873449855070206
6.8	-52.525002435016326	0.23040375774682695	-0.8876331355238553	26646744033892337e-34	0.23932630010131972
6.85	-52.52500664798952	0.22853643861615255	-0.8879791701484202	3538646519219568e-33	0.23992397347186342
6.9	-52.525010226371926	0.22763468537893763	-0.8882014802991393	4633945158981525e-33	0.2405175950464617
6.95	-52.525012910503975	0.22777024573162236	-0.8882721680830299	6140492099042304e-33	0.24109844824598767
7	-52.52501447796099	0.2289617071494998	-0.8881715471538483	8284661560154294e-33	0.24165953039925786
7.05	-52.525014757621555	0.23117184874844102	-0.8878894931893011	11190364224826505e-33	0.2421959010720183
7.1	-52.525013641407575	0.23430807221860808	-0.8874262392137361	14806593478217195e-33	0.24270487136792293
7.15	-52.52501109296655	0.23822600008932002	-0.8867925392063694	19290192801593293e-33	0.24318604559752852
7.2	-52.52500715274864	0.24273614030157722	-0.8860091627448641	25374658545939885e-33	0.24364123314010824
7.25	-52.525001939087424	0.24761332492149885	-0.8851057292647011	3397546025907871e-32	0.24407424968322255
7.3	-52.52499564511712	0.25260845036317453	-0.88411893924858	4585941044694615e-32	0.24449062466785285
7.35	-52.52498853159603	0.2574618891026516	-0.8830903069386329	6148211024789656e-32	0.2448972278338065
7.4	-52.52498091588009	0.26191781993020735	-0.882063540406722	8045684037739889e-32	0.24530182485307192
7.45	-52.52497315755356	0.265738644794748	-0.8810817458049648	10023022069980314e-32	0.24571257260219181
7.5	-52.52496564137293	0.2687186320834614	-0.8801846500288378	1177312518679602e-31	0.2461374701133434
7.55	-52.524958758345214	0.2706959523415687	-0.8794060378686748	13710653881752453e-32	0.24658379119904045
7.6	-52.52495288588868	0.27156235291792885	-0.8787715855988595	16611072664857594e-32	0.24705753638004688
7.65	-52.52494836806258	0.27126984899347195	-0.8782972440652461	20593630059126606e-32	0.24756295057052236
7.7	-52.52494549690107	0.26983398245105666	-0.8779882833173045	2546283669617735e-31	0.2481021546492483
7.75	-52.52494449583367	0.26733340641580905	-0.8778390614482771	3120744717349111e-31	0.24867493159613333
7.8	-52.52494550608813	0.2639057788562334	-0.8778335269468581	37874738592942844e-32	0.24927869277774165
7.85	-52.524948576852964	0.2597401785976948	-0.8779464110721613	4539824645371824e-31	0.2499086312325435
7.9	-52.524953659784316	0.2550664761010195	-0.8781450187638186	5381741841367322e-31	0.2505580507237459
7.95	-52.52496060825296	0.2501422845860993	-0.8783914869256453	6352888927185788e-31	0.25121884458431637
8	-52.5249691814664	0.24523827135071222	-0.8786453501510506	7535127558897077e-31	0.2518820876463685
8.05	-52.524979053387945	0.24062271387181414	-0.8788662375766255	9035632957035231e-31	0.2525386972886404
8.1	-52.52498982610286	0.2365462332905869	-0.8790165209620879	10954730597014036e-31	0.2531801151655436
8.15	-52.52500104705689	0.23322762589632892	-0.8790637427241897	13350647486151614e-31	0.25379895923344986
8.2	-52.52501222938429	0.23084164210241653	-0.8789826721075252	16226111841377823e-31	0.2543895964462779
8.25	-52.5250228743658	0.22950943707491028	-0.8787568659723718	19546903969358632e-31	0.2549485903044338
8.3	-52.525032494934294	0.22929224623653555	-0.8783796454658429	23264665995696617e-31	0.2554749845753048
8.35	-52.52504063907591	0.2301886339651052	-0.8778544385989382	2732626667129157e-30	0.2559703950009604
8.4	-52.52504691195067	0.23213543875781234	-0.8771944789849916	31673750901119692e-31	0.2564388944398699
8.45	-52.525050995624845	0.23501230794804434	-0.8764218903640449	36211621715470346e-31	0.2568866930994116
8.5	-52.525052665396245	0.2386494948755793	-0.875566222954862	4100819453885908e-30	0.25732163335021785
8.55	-52.52505180186171	0.24283839544404054	-0.8746625393691541	46918983595120184e-31	0.25775253663634035
8.6	-52.525048398088764	0.24734414160023316	-0.8737491733556062	5540192784296913e-30	0.25818845630011095
8.65	-52.525042561485755	0.2519194561119045	-0.8728653029020985	67627452752170485e-31	0.2586379024795461
8.7	-52.525034510232274	0.25631891250196676	-0.8720484893944581	8429877494378293e-30	0.25910811131176614
8.75	-52.52502456440431	0.2603127388808644	-0.8713323360592643	10560723043104908e-30	0.2596044286035706
8.8	-52.525013132194275	0.263699353727837	-0.8707444115840393	13093291283230685e-30	0.26012986706248475
8.85	-52.5250006918646	0.2663159208460963	-0.8703045687315606	15855614793694754e-30	0.260684876872041
8.9	-52.524987770299525	0.26804635201211946	-0.87002376346611	18657508953848873e-30	0.2612673444534746
8.95	-52.52497491917166	0.26882635893141543	-0.8699034486139207	21464419999662478e-30	0.26187280783226846
9	-52.52496268986754	0.26864534887506125	-0.8699355790469371	24243839243038736e-30	0.2624948538840228
9.05	-52.52495160838261	0.2675451577436593	-0.8701032250100029	26788774493680784e-30	0.26312564691910434
9.1	-52.5249421513676	0.26561580722045963	-0.8703817491410963	29118175669684495e-30	0.2637565315935327
9.15	-52.52493472448572	0.2629886469461451	-0.8707404640529474	3167124934890994e-29	0.2643786552949485
9.2	-52.52492964409255	0.25982738777137315	-0.8711446541932054	3475269956959419e-29	0.2649835631068873
9.25	-52.52492712309893	0.2563176399590907	-0.8715578208652913	3836307915343473e-29	0.2655637289245912
9.3	-52.52492726166593	0.2526556353599021	-0.8719439950183441	4243781690847624e-29	0.26611299713026404
9.35	-52.524930043148856	0.24903683276680533	-0.8722699600559415	46974134136764065e-30	0.26662691950588274
9.4	-52.52493533543783	0.2456450816332893	-0.8725072366505764	5201705906915336e-29	0.2671029811348944
9.45	-52.52494289759469	0.24264295474004224	-0.8726337024347453	5764724082715594e-29	0.2675407160696363
9.5	-52.52495239143142	0.24016376131607994	-0.8726347494356097	6415318755055131e-29	0.26794171786202087
9.55	-52.524963397426	0.2383056265734	-0.8725039183342971	7229846589482307e-29	0.26830955177866717
9.6	-52.5249754341948	0.2371278808795751	-0.8722429877166284	8322363919246474e-29	0.2686495755915391
9.65	-52.524987980566735	0.23664985171626784	-0.8718615350803738	9783263880855827e-29	0.26896867561805077
9.7	-52.52500049918922	0.23685200387831584	-0.8713760213896596	11601280129859054e-29	0.26927492546762205
9.75	-52.52501246055262	0.23767923703165725	-0.8708084798214082	13579680012763273e-29	0.2695771775386487
9.8	-52.52502336631816	0.23904603245973885	-0.8701849103475513	15367016377789333e-29	0.2698846018360799
9.85	-52.52503277086931	0.24084304859408373	-0.8695334942679893	16861282828240725e-29	0.2702061925679359
9.9	-52.52504030013291	0.24294470181034858	-0.8688827468342797	18407549243323525e-29	0.2705502690667225
9.95	-52.525045666858766	0.24521723698754547	-0.8682597224401365	20300781744068763e-29	0.2709240023629314
10	-52.52504868172111	0.2475267914661069	-0.8676883768059427	22605717292492402e-29	0.2713330007182947

