# L= 50  beta= [1.0]  t_max= 20.0  steps= 2000
t 	  D= [200]
0.01	-25257223670760596e-21
0.1	-25228318649425947e-21
0.2	-2519860133838368e-20
0.3	-2517382224267168e-20
0.4	-25156243264329827e-21
0.5	-25147490349704263e-21
0.6	-2514779659638368e-20
0.7	-25154735275665325e-21
0.8	-25161209745018647e-21
0.9	-25152318715330666e-21
1	-2510049142971699e-20
1.1	-24958059387255852e-21
1.2	-2464658655896315e-20
1.3	-2404399523289135e-20
1.4	-22975950878244155e-21
1.5	-21228299833230615e-21
1.6	-18606714550085687e-21
1.7	-15058934927618409e-21
1.8	-10822938708903053e-21
1.9	-6489906042309864e-21
2	-28615188879280373e-22
2.1	-6176353015583855e-22
2.2	-96073542149928e-22
2.3	-8148637105567774e-22
2.4	-2553648548751987e-21
2.5	-4754682207086327e-21
2.6	-7095404194847683e-21
2.7	-9407035483790075e-21
2.8	-11619210982931509e-21
2.9	-13704110904686942e-21
3	-1564150876307188e-20
3.1	-17404528968661914e-21
3.2	-18959709618239013e-21
3.3	-20274371539595083e-21
3.4	-21324941023702457e-21
3.5	-2210206461041194e-20
3.6	-226112137623882e-19
3.7	-22869378588836527e-21
3.8	-22899586111643715e-21
3.9	-22727007825578884e-21
4	-22377296003333324e-21
4.1	-21874266493902393e-21
4.2	-21239744227363192e-21
4.3	-2049514149955511e-20
4.4	-1966078652125685e-20
4.5	-1875564117960027e-20
4.6	-17797493193465264e-21
4.7	-1680216795094916e-20
4.8	-15781460365254493e-21
4.9	-14738961331638207e-21
5	-1367121408324726e-20
5.1	-12588147573292828e-21
5.2	-11518657774935438e-21
5.3	-10517942904605429e-21
5.4	-9669723392551358e-21
5.5	-899907051553802e-20
5.6	-855303867685763e-20
5.7	-8385797916105332e-21
5.8	-8319348484379267e-21
5.9	-8092358567044307e-21
6	-7782802877093205e-21
6.1	-7698414606542667e-21
6.2	-779153915984321e-20
6.3	-7543122056693087e-21
6.4	-6386686841274042e-21
6.5	-41703128997366756e-22
6.6	-12842253237757252e-22
6.7	16083938898802827e-22
6.8	3794540912641584e-21
6.9	4598259365716017e-21
7	4129213805252045e-21
7.1	32370674945555006e-22
7.2	2432586520759262e-21
7.3	15697694412263062e-22
7.4	16654597222751317e-23
7.5	-2122174801358859e-21
7.6	-5332746492299007e-21
7.7	-9436094567239746e-21
7.8	-14561801106620846e-21
7.9	-20937623943727993e-21
8	-28545685495191435e-21
8.1	-3669393416486796e-20
8.2	-4431959661378163e-20
8.3	-504873939304966e-19
8.4	-540191864092114e-19
8.5	-5446118532391551e-20
8.6	-5303482491097237e-20
8.7	-51788496048664655e-21
8.8	-52099108115350735e-21
8.9	-5413868552969673e-20
9	-571148089107365e-19
9.1	-5958820708900925e-20
9.2	-60015067501396624e-21
9.3	-5763975973659062e-20
9.4	-5322277685785334e-20
9.5	-4892072329713746e-20
9.6	-4727559285024578e-20
9.7	-4984882106975291e-20
9.8	-5629816732278969e-20
9.9	-6476998947434183e-20
10	-732700540089601e-19
10.1	-8093571956079963e-20
10.2	-8861572388446317e-20
10.3	-978087029371682e-19
10.4	-0.00010852685759329453
10.5	-0.0001188924635702121
10.6	-0.00012663725653304963
10.7	-0.00013042595697254072
10.8	-0.00012987930737633983
10.9	-0.00012476724382437225
11	-0.00011476020858072262
11.1	-0.00010015759173960904
11.2	-824174448816284e-19
11.3	-635088492026524e-19
11.4	-4479398160072492e-20
11.5	-26640055370695468e-21
11.6	-882596729982565e-20
11.7	8945177516758185e-21
11.8	26742359842695205e-21
11.9	44291040185188246e-21
12	6111468809163194e-20
12.1	7690427961207036e-20
12.2	9181031312925013e-20
12.3	0.00010642321412196053
12.4	0.0001215105298621081
12.5	0.00013760190667459844
12.6	0.00015449384764586974
12.7	0.00017092974392573658
12.8	0.00018473881734067582
12.9	0.0001934714169088034
13	0.00019530055019839355
13.1	0.0001897599940330656
13.2	0.00017788911074731207
13.3	0.0001617602695669236
13.4	0.00014373722734679757
13.5	0.0001258236673780957
13.6	0.00010934223809746508
13.7	9491187409391787e-20
13.8	8249349233431637e-20
13.9	7154035601264105e-20
14	6138179964996079e-20
14.1	5163603407049148e-20
14.2	4246189840859092e-20
14.3	34661693430450544e-21
14.4	29536256714506626e-21
14.5	28387699970170616e-21
14.6	3189270655242066e-20
14.7	3976048818473205e-20
14.8	5086396507751967e-20
14.9	6371138886441268e-20
15	7700331228621598e-20
15.1	8996381128986631e-20
15.2	0.0001022808095421717
15.3	0.00011389113661823892
15.4	0.00012487600686208534
15.5	0.00013542293354805744
15.6	0.00014579084033020703
15.7	0.00015630285204392216
15.8	0.00016727004155823742
15.9	0.00017876685180867103
16	0.000190444411459934
16.1	0.0002015989747612923
16.2	0.0002113889285380234
16.3	0.00021892052196237574
16.4	0.0002232029411869335
16.5	0.0002232796456536236
16.6	0.00021860838455407063
16.7	0.00020934548673145982
16.8	0.00019631830885773506
16.9	0.00018086094528794105
17	0.00016465771244706645
17.1	0.00014945798920513938
17.2	0.0001365952685818828
17.3	0.0001265831000515534
17.4	0.00011907040597678416
17.5	0.00011320702826422942
17.6	0.00010832457181066185
17.7	0.00010454739302907235
17.8	0.0001027470368514475
17.9	0.00010374970807025312
18	0.00010749355334181574
18.1	0.00011290503731124247
18.2	0.00011848608307381072
18.3	0.00012292997235554317
18.4	0.00012533492479016993
18.5	0.00012521299106681263
18.6	0.0001224446573933014
18.7	0.00011701555615529882
18.8	0.00010861593570128847
18.9	9644780353198012e-20
19	7937411199058516e-20
19.1	5631940333960977e-20
19.2	26764806765342665e-21
19.3	-889296759422725e-20
19.4	-49255291440511625e-21
19.5	-9207600031086199e-20
19.6	-0.0001346158091620866
19.7	-0.00017414862872544795
19.8	-0.00020847476528861996
19.9	-0.0002362301785369368
20	-0.0002568891339651303
