# L= 10  beta= [1.0]  t_max= 20.0  steps= 2000
t 	  D= [20, 50, 100]
0.01	-0.558971850019635	-0.5589718500196613	-0.5589718500195624
0.1	-0.5589700899506849	-0.5589700899507093	-0.5589700899506161
0.2	-0.5589655274652109	-0.5589655274652355	-0.5589655274651695
0.3	-0.5589615636974361	-0.5589615636974639	-0.5589615636974312
0.4	-0.558965383688831	-0.5589653836888641	-0.5589653836888633
0.5	-0.5589920666441108	-0.5589920666441528	-0.5589920666441759
0.6	-0.5590739149310842	-0.5590739149311311	-0.5590739149311665
0.7	-0.5592791630173786	-0.5592791630174213	-0.5592791630174568
0.8	-0.5597453172235761	-0.5597453172237302	-0.5597453172237516
0.9	-0.5607315470231264	-0.5607315470245036	-0.5607315470244976
1	-0.5626888698056939	-0.5626888698106479	-0.562688869810617
1.1	-0.5663322728361413	-0.5663322728270538	-0.566332272827013
1.2	-0.5726720181644354	-0.5726720179378713	-0.5726720179378434
1.3	-0.5829247842991327	-0.5829247825384716	-0.5829247825384577
1.4	-0.5981987536972141	-0.5981987433975786	-0.5981987433975717
1.5	-0.6188827163297994	-0.6188826640681104	-0.618882664068059
1.6	-0.6438501207052834	-0.6438498806779511	-0.6438498806775449
1.7	-0.6699375442324284	-0.6699365389670009	-0.6699365389639449
1.8	-0.6924187171195981	-0.6924149129309353	-0.6924149129084223
1.9	-0.7067864283286092	-0.7067736358897784	-0.706773635731804
2	-0.7109089631552632	-0.7108713840508161	-0.7108713830316777
2.1	-0.7058018731347068	-0.7057065073428952	-0.7057065016420037
2.2	-0.6943534961488261	-0.6941446066488484	-0.6941445796688832
2.3	-0.6793284194794097	-0.6789286319816248	-0.6789285227441624
2.4	-0.6623021872441169	-0.6616153077725163	-0.6616149305271503
2.5	-0.6438208570314541	-0.6427190024576799	-0.6427178911661169
2.6	-0.6240792247986087	-0.6223617678583635	-0.6223589260528776
2.7	-0.6034960976993425	-0.6008325155870532	-0.600826039205865
2.8	-0.5829770899253773	-0.5788674628514751	-0.5788542357540305
2.9	-0.5638679159430909	-0.5576593860761881	-0.55763455683497
3	-0.5476609983201548	-0.5386491133628163	-0.5386050393212579
3.1	-0.5355403833604664	-0.5231874645929164	-0.5231127105910843
3.2	-0.5277678194363611	-0.5121933556409086	-0.5120720681653442
3.3	-0.5230480541365548	-0.5059335791730498	-0.5057448732725889
3.4	-0.5191558733169694	-0.5039988387150219	-0.5037151341278137
3.5	-0.5145966125316646	-0.5054702869270761	-0.505053606713849
3.6	-0.5094451562750315	-0.509200007471253	-0.508595846033428
3.7	-0.5052706729863964	-0.514097536668728	-0.5132269943796074
3.8	-0.5043818451015329	-0.5193295801043787	-0.5180828683501902
3.9	-0.508688046925477	-0.524387631168574	-0.5226257574610814
4	-0.5187059247020885	-0.5290350624957435	-0.5266085583527388
4.1	-0.5331701210129861	-0.5331914667250047	-0.5299776170422777
4.2	-0.5493654843713621	-0.5368333760199367	-0.5327722145914162
4.3	-0.5640158783691493	-0.5399691126799403	-0.5350645759352991
4.4	-0.5744163943734641	-0.5426656538855864	-0.5369475138509421
4.5	-0.5793305110762123	-0.5449877776658694	-0.538549431206841
4.6	-0.579234505285813	-0.5468817321022195	-0.5400403337247496
4.7	-0.5758718281892751	-0.5482961201704302	-0.5416080618805669
4.8	-0.5714263286007261	-0.5493156643654724	-0.5434047840992108
4.9	-0.5677234073754097	-0.5502380787831976	-0.545493202599569
5	-0.5657560121759351	-0.5515033991863405	-0.5478309127490676
5.1	-0.5656198787096519	-0.5534565683931958	-0.55029309304827
5.2	-0.566755156884135	-0.5561381549517607	-0.5527160519205934
5.3	-0.5683079757943174	-0.559268428342834	-0.5549422860079614
5.4	-0.5694540997350502	-0.5624362732018763	-0.5568396011558215
5.5	-0.569621381582211	-0.5653328120718268	-0.5582994193961615
5.6	-0.5686289219321867	-0.567859348912931	-0.5592488026116798
5.7	-0.5667643299620867	-0.5701169569124663	-0.5596776311379681
5.8	-0.5647504528347784	-0.5722725280695309	-0.5596666501131299
5.9	-0.5634993440871738	-0.5744208946679793	-0.5594040587133671
6	-0.5636502716598317	-0.5765010655088838	-0.5591761965788947
6.1	-0.5651248417156643	-0.578274148038643	-0.5593200573869126
6.2	-0.5670443012665517	-0.5794742903425272	-0.5601746511151597
6.3	-0.5681697723056898	-0.5798648204767266	-0.5620646718218575
6.4	-0.5676799711842043	-0.5792720287661924	-0.5652362888181638
6.5	-0.5658500901576621	-0.5777814280943908	-0.5697705200848793
6.6	-0.5642091549612955	-0.575942831283916	-0.5755308864551135
6.7	-0.5650296900816988	-0.5747596828223456	-0.5821417100870856
6.8	-0.5703363713053927	-0.5753780503128821	-0.588987997156891
6.9	-0.5808269846267388	-0.578582108099019	-0.5952538375556466
7	-0.5951875575917212	-0.5843225488143289	-0.600024624046538
7.1	-0.6102224889602924	-0.5915095978689072	-0.6024614014150849
7.2	-0.6219032969593078	-0.5982197654921808	-0.6020214710482441
7.3	-0.6269425592510247	-0.6023036876110345	-0.5986483075794657
7.4	-0.624129567122208	-0.6021897516200547	-0.5928276324867128
7.5	-0.6147381733324216	-0.5975466996900647	-0.5854834602196979
7.6	-0.6019293547453418	-0.5894996278047349	-0.5777641280711309
7.7	-0.5896074807228322	-0.5802720294628697	-0.5707815543719272
7.8	-0.5811215429792865	-0.5723752353621097	-0.5653616228495698
7.9	-0.5781367072397628	-0.5676555345369257	-0.5618486667667497
8	-0.5800516441555393	-0.5665447281328785	-0.5599940900019881
8.1	-0.5842262042623042	-0.5678131401517225	-0.5589483482909353
8.2	-0.5870057066228906	-0.5689585541631258	-0.5573893777619068
8.3	-0.5851517848070893	-0.5671134671015724	-0.5538324450865145
8.4	-0.5770660136410384	-0.5601398025287694	-0.547095338005544
8.5	-0.5633407550586221	-0.547501365886038	-0.5367903406766295
8.6	-0.5465333700804939	-0.5306020447579572	-0.5236579087083675
8.7	-0.5303167561069718	-0.5124850190332869	-0.5095741362791507
8.8	-0.5182792555062926	-0.4969853398094647	-0.49716157012625006
8.9	-0.5127475247999922	-0.4875849560817477	-0.4890787212451224
9	-0.5140552449840933	-0.4863325794655243	-0.4871985103533651
9.1	-0.5205675717740003	-0.4931998451112758	-0.4919630268778763
9.2	-0.5294692435162848	-0.5061134832500352	-0.5021746702418297
9.3	-0.5379659092135385	-0.5216603835684201	-0.515329448104167
9.4	-0.5443513712073673	-0.5361995343889564	-0.5283845571595972
9.5	-0.548485448967259	-0.5469570606989488	-0.5386822164624081
9.6	-0.5515377663997799	-0.5527101347388977	-0.5446965493659727
9.7	-0.5551823150177202	-0.5538562449341049	-0.5463472059131952
9.8	-0.5606159533268145	-0.5519182615528563	-0.5447962179306145
9.9	-0.5678029785439567	-0.5487469305544442	-0.5418453713208762
10	-0.5752689081295671	-0.5457698759090144	-0.5392015203207858
10.1	-0.5805855625489027	-0.5435721528482482	-0.5379062303901155
10.2	-0.5814048783422382	-0.5419213476415995	-0.5381245096935251
10.3	-0.5766103318733834	-0.5401577712470652	-0.5393160007424584
10.4	-0.5670398643962882	-0.537729060143206	-0.5406508848588272
10.5	-0.5553970746070149	-0.534609732700425	-0.5414489669711982
10.6	-0.5453419503199418	-0.5314248721881912	-0.5414546494470888
10.7	-0.5401342509281406	-0.5292410909372425	-0.5408700023011767
10.8	-0.5413989169076667	-0.5291320137767904	-0.5401885345031954
10.9	-0.5485401110272727	-0.5317261989846715	-0.5399527772747037
11	-0.5590670708547193	-0.5369544793992543	-0.5405646616855531
11.1	-0.5696666014318362	-0.5441118082177561	-0.5422164885020383
11.2	-0.5774788277239387	-0.5521865020134961	-0.5449275031776296
11.3	-0.5810233433677513	-0.5602737725178105	-0.548618414184334
11.4	-0.5805737069035161	-0.5678579223940663	-0.5531589822390071
11.5	-0.5780344355618432	-0.5748471062983282	-0.5583691387320076
11.6	-0.5763428901041382	-0.5814043925704819	-0.5640010596105854
11.7	-0.5784248728610603	-0.5877053793005376	-0.5697478759133837
11.8	-0.5859901902861839	-0.5937517956569943	-0.5753041486286001
11.9	-0.598706600853804	-0.5993351996547578	-0.5804558462961419
12	-0.6141847080247015	-0.6041558481397031	-0.585147283981573
12.1	-0.6287815196538005	-0.607993340667603	-0.5894712771655659
12.2	-0.638848224253605	-0.610795528324499	-0.593558823964809
12.3	-0.6419592165422998	-0.6126210064836324	-0.5974029831211226
12.4	-0.6377501001700071	-0.6134707533064871	-0.6007044069055735
12.5	-0.6280660522907432	-0.613118481619702	-0.6028357178121758
12.6	-0.6162762185048171	-0.61106641670228	-0.6029770314905571
12.7	-0.6059760500439093	-0.6067000310856951	-0.6003937095536327
12.8	-0.5996554104685992	-0.5996085398236211	-0.5947503927095388
12.9	-0.5979272608778263	-0.58992913218835	-0.5863251522470888
13	-0.5995767815930977	-0.5785261527422643	-0.576022197398508
13.1	-0.6022564703851073	-0.5668721458539325	-0.565163151730534
13.2	-0.6034142707333903	-0.5566413785698793	-0.5551276427633408
13.3	-0.6011260771921556	-0.5491737247220383	-0.546976206605341
13.4	-0.5947096952153267	-0.545023770211695	-0.5411909836492232
13.5	-0.5850124937421926	-0.5437656051306533	-0.5376117169192712
13.6	-0.5741697309439493	-0.5441265595677146	-0.5355614463857503
13.7	-0.5647940445605731	-0.5444154281345583	-0.5340914688786578
13.8	-0.5589270567626295	-0.5431073912473341	-0.5322563391086683
13.9	-0.5572642840879035	-0.5393694584665978	-0.5293486935327263
14	-0.5590001358075802	-0.5333255231518039	-0.5250563316172333
14.1	-0.5622923734057226	-0.5259810423585008	-0.5195332524849282
14.2	-0.5650657211784854	-0.5188633211365173	-0.5133887546966382
14.3	-0.5658014742736124	-0.5135241360287914	-0.5075984194405838
14.4	-0.5640364784685555	-0.5110874168786764	-0.5033383570579448
14.5	-0.5604050568342596	-0.51199046791435	-0.5017487257655329
14.6	-0.5562157820664139	-0.5159728827548937	-0.5036530429539177
14.7	-0.5527727666001003	-0.5222642118727712	-0.5092930972314258
14.8	-0.5507889277420388	-0.5298567149838904	-0.5181649904165615
14.9	-0.5501835938266334	-0.5377397742163005	-0.5290308355306301
15	-0.5503411293833875	-0.545017248888991	-0.5401197105940553
15.1	-0.5506480522658266	-0.5509129426424623	-0.5494761073420167
15.2	-0.5509676024972724	-0.5547433980196577	-0.555401003162596
15.3	-0.5517627765151601	-0.5559503178026293	-0.5568689196536638
15.4	-0.5538198279904625	-0.5542357754828491	-0.5537863179975056
15.5	-0.5577641936746728	-0.5497639440020133	-0.5470276452161141
15.6	-0.5636385234842809	-0.5433275934916103	-0.5382523805925198
15.7	-0.5707336782510587	-0.5363664317666544	-0.5295555758681268
15.8	-0.5777084028949313	-0.5307674205872028	-0.5230333162936218
15.9	-0.5829055862271174	-0.5284451877166595	-0.5203498756681814
16	-0.5847541339711314	-0.5307823029991742	-0.5223825202483355
16.1	-0.5822078814864664	-0.538096565014931	-0.5290056010938626
16.2	-0.5751756463216385	-0.5493491532191322	-0.5390678469590188
16.3	-0.5647983939990017	-0.5622597375536751	-0.5506062659858294
16.4	-0.5533954094718299	-0.5738603697446313	-0.561294760754922
16.5	-0.5439952874496459	-0.5813611629160199	-0.5690433848904182
16.6	-0.5395262445753293	-0.5830668626804982	-0.5725909839883683
16.7	-0.5419216054231183	-0.5790228643205926	-0.5719046291392074
16.8	-0.5514949726835109	-0.5711291153633005	-0.5682316035899414
16.9	-0.5668508206161761	-0.5626279063269989	-0.5637492000143357
17	-0.5853314665038284	-0.5570903435553226	-0.5608971652928563
17.1	-0.6037075776238412	-0.5572264019085433	-0.5616028560944779
17.2	-0.6187569048847262	-0.5639420242376207	-0.5666638462019679
17.3	-0.6276974951666955	-0.5760015484843815	-0.5755057842708077
17.4	-0.6287327778286315	-0.5904305242265803	-0.5863964118350717
17.5	-0.6216992154080084	-0.6035032516852646	-0.5970247326436651
17.6	-0.6084127548384511	-0.6119387081056952	-0.605224009508362
17.7	-0.5923833713950072	-0.6138786874421935	-0.6095828640904666
17.8	-0.5778995423909664	-0.6093408352309686	-0.6097495848319918
17.9	-0.5687669376940273	-0.6000382242925583	-0.6063542302403695
18	-0.567145926233779	-0.588660043507059	-0.6006145412008945
18.1	-0.5728902356523228	-0.5778853200294244	-0.5938081612386907
18.2	-0.5835848419631198	-0.5694977116494663	-0.5868304059116645
18.3	-0.5952739888053492	-0.5639254176426606	-0.5799971941922735
18.4	-0.603704060885435	-0.5603471057100909	-0.5731315904738988
18.5	-0.6057282472516918	-0.5572621440915502	-0.5658499823295631
18.6	-0.6003754228793123	-0.5532404814434515	-0.5578940688805694
18.7	-0.5891281103833306	-0.5475237786077911	-0.5493601713979275
18.8	-0.5752965549031812	-0.5402568765072041	-0.5407432670357665
18.9	-0.5628231138110632	-0.5323215003138572	-0.5328003028928922
19	-0.5550148147090073	-0.5249145554961584	-0.5263065731290953
19.1	-0.5535793522482597	-0.5190876735525922	-0.5218077146592542
19.2	-0.5582135898209228	-0.5154329270872925	-0.5194537826227456
19.3	-0.5668484835944707	-0.5139979345844288	-0.5189587895563129
19.4	-0.576420278610501	-0.5143995641561724	-0.5196859761729802
19.5	-0.5838653070634308	-0.5160373247865744	-0.5208298969404375
19.6	-0.5870133335536111	-0.5183015575843749	-0.5216507047286839
19.7	-0.5851268834482518	-0.5207084391168012	-0.5217073868161225
19.8	-0.578965560354033	-0.5229584025254203	-0.5210303517263306
19.9	-0.5704205586513195	-0.5249676334493402	-0.5201728434821569
20	-0.5618776266239343	-0.5269090110300099	-0.5200978897491552
