0.000000 0.068817 
0.040000 0.068817 
0.080000 0.068817 
0.120000 0.068817 
0.160000 0.068817 
0.200000 0.068817 
0.240000 0.068817 
0.280000 0.068817 
0.320000 0.068817 
0.360000 0.068816 
0.400000 0.068816 
0.440000 0.068815 
0.480000 0.068814 
0.520000 0.068812 
0.560000 0.068809 
0.600000 0.068805 
0.640000 0.068799 
0.680000 0.068791 
0.720000 0.068779 
0.760000 0.068762 
0.800000 0.068738 
0.840000 0.068706 
0.880000 0.068663 
0.920000 0.068604 
0.960000 0.068526 
1.000000 0.068421 
1.040000 0.068284 
1.080000 0.068104 
1.120000 0.067870 
1.160000 0.067567 
1.200000 0.067180 
1.240000 0.066688 
1.280000 0.066067 
1.320000 0.065288 
1.360000 0.064319 
1.400000 0.063126 
1.440000 0.061670 
1.480000 0.059910 
1.520000 0.057809 
1.560000 0.055330 
1.600000 0.052448 
1.640000 0.049146 
1.680000 0.045430 
1.720000 0.041323 
1.760000 0.036877 
1.800000 0.032173 
1.840000 0.027319 
1.880000 0.022452 
1.920000 0.017723 
1.960000 0.013295 
2.000000 0.009328 
2.040000 0.005964 
2.080000 0.003317 
2.120000 0.001463 
2.160000 0.000435 
2.200000 0.000223 
2.240000 0.000778 
2.280000 0.002021 
2.320000 0.003852 
2.360000 0.006163 
2.400000 0.008845 
2.440000 0.011798 
2.480000 0.014933 
2.520000 0.018175 
2.560000 0.021466 
2.600000 0.024760 
2.640000 0.028026 
2.680000 0.031240 
2.720000 0.034389 
2.760000 0.037462 
2.800000 0.040455 
2.840000 0.043364 
2.880000 0.046189 
2.920000 0.048927 
2.960000 0.051579 
3.000000 0.054143 
3.040000 0.056617 
3.080000 0.059001 
3.120000 0.061292 
3.160000 0.063491 
3.200000 0.065595 
3.240000 0.067606 
3.280000 0.069526 
3.320000 0.071356 
3.360000 0.073102 
3.400000 0.074768 
3.440000 0.076361 
3.480000 0.077889 
3.520000 0.079359 
3.560000 0.080780 
3.600000 0.082162 
3.640000 0.083512 
3.680000 0.084839 
3.720000 0.086150 
3.760000 0.087451 
3.800000 0.088746 
3.840000 0.090039 
3.880000 0.091330 
3.920000 0.092619 
3.960000 0.093904 
4.000000 0.095182 
4.040000 0.096446 
4.080000 0.097690 
4.120000 0.098906 
4.160000 0.100085 
4.200000 0.101217 
4.240000 0.102294 
4.280000 0.103306 
4.320000 0.104243 
4.360000 0.105098 
4.400000 0.105861 
4.440000 0.106527 
4.480000 0.107090 
4.520000 0.107546 
4.560000 0.107892 
4.600000 0.108126 
4.640000 0.108247 
4.680000 0.108255 
4.720000 0.108153 
4.760000 0.107940 
4.800000 0.107620 
4.840000 0.107195 
4.880000 0.106666 
4.920000 0.106036 
4.960000 0.105306 
5.000000 0.104478 
5.040000 0.103553 
5.080000 0.102531 
5.120000 0.101413 
5.160000 0.100198 
5.200000 0.098887 
5.240000 0.097480 
5.280000 0.095978 
5.320000 0.094381 
5.360000 0.092690 
5.400000 0.090909 
5.440000 0.089039 
5.480000 0.087086 
5.520000 0.085053 
5.560000 0.082946 
5.600000 0.080772 
5.640000 0.078538 
5.680000 0.076251 
5.720000 0.073921 
5.760000 0.071556 
5.800000 0.069166 
5.840000 0.066760 
5.880000 0.064347 
5.920000 0.061938 
5.960000 0.059540 
6.000000 0.057164 
6.040000 0.054818 
6.080000 0.052508 
6.120000 0.050242 
6.160000 0.048026 
6.200000 0.045863 
6.240000 0.043758 
6.280000 0.041712 
6.320000 0.039727 
6.360000 0.037803 
6.400000 0.035938 
6.440000 0.034133 
6.480000 0.032385 
6.520000 0.030695 
6.560000 0.029061 
6.600000 0.027483 
6.640000 0.025965 
6.680000 0.024508 
6.720000 0.023117 
6.760000 0.021799 
6.800000 0.020561 
6.840000 0.019413 
6.880000 0.018363 
6.920000 0.017421 
6.960000 0.016600 
7.000000 0.015908 
7.040000 0.015355 
7.080000 0.014948 
7.120000 0.014693 
7.160000 0.014596 
7.200000 0.014657 
7.240000 0.014877 
7.280000 0.015253 
7.320000 0.015781 
7.360000 0.016453 
7.400000 0.017261 
7.440000 0.018197 
7.480000 0.019250 
7.520000 0.020409 
7.560000 0.021664 
7.600000 0.023003 
7.640000 0.024419 
7.680000 0.025901 
7.720000 0.027443 
7.760000 0.029037 
7.800000 0.030679 
7.840000 0.032366 
7.880000 0.034096 
7.920000 0.035866 
7.960000 0.037679 
8.000000 0.039534 
8.040000 0.041434 
8.080000 0.043382 
8.120000 0.045379 
8.160000 0.047430 
8.200000 0.049535 
8.240000 0.051696 
8.280000 0.053915 
8.320000 0.056191 
8.360000 0.058521 
8.400000 0.060903 
8.440000 0.063331 
8.480000 0.065798 
8.520000 0.068293 
8.560000 0.070805 
8.600000 0.073319 
8.640000 0.075820 
8.680000 0.078289 
8.720000 0.080708 
8.760000 0.083056 
8.800000 0.085314 
8.840000 0.087460 
8.880000 0.089476 
8.920000 0.091344 
8.960000 0.093050 
9.000000 0.094581 
9.040000 0.095930 
9.080000 0.097091 
9.120000 0.098064 
9.160000 0.098854 
9.200000 0.099469 
9.240000 0.099920 
9.280000 0.100222 
9.320000 0.100394 
9.360000 0.100453 
9.400000 0.100422 
9.440000 0.100322 
9.480000 0.100171 
9.520000 0.099990 
9.560000 0.099796 
9.600000 0.099604 
9.640000 0.099425 
9.680000 0.099269 
9.720000 0.099141 
9.760000 0.099045 
9.800000 0.098980 
9.840000 0.098942 
9.880000 0.098926 
9.920000 0.098925 
9.960000 0.098929 
10.000000 0.098928 
10.040000 0.098910 
10.080000 0.098864 
10.120000 0.098779 
10.160000 0.098644 
10.200000 0.098450 
10.240000 0.098187 
10.280000 0.097849 
10.320000 0.097429 
10.360000 0.096923 
10.400000 0.096329 
10.440000 0.095644 
10.480000 0.094868 
10.520000 0.094001 
10.560000 0.093043 
10.600000 0.091996 
10.640000 0.090860 
10.680000 0.089637 
10.720000 0.088325 
10.760000 0.086927 
10.800000 0.085440 
10.840000 0.083863 
10.880000 0.082195 
10.920000 0.080434 
10.960000 0.078578 
11.000000 0.076626 
11.040000 0.074575 
11.080000 0.072426 
11.120000 0.070179 
11.160000 0.067837 
11.200000 0.065403 
11.240000 0.062885 
11.280000 0.060289 
11.320000 0.057627 
11.360000 0.054909 
11.400000 0.052152 
11.440000 0.049369 
11.480000 0.046581 
11.520000 0.043804 
11.560000 0.041058 
11.600000 0.038365 
11.640000 0.035744 
11.680000 0.033215 
11.720000 0.030797 
11.760000 0.028508 
11.800000 0.026364 
11.840000 0.024379 
11.880000 0.022566 
11.920000 0.020933 
11.960000 0.019486 
12.000000 0.018228 
12.040000 0.017159 
12.080000 0.016275 
12.120000 0.015571 
12.160000 0.015038 
12.200000 0.014664 
12.240000 0.014439 
12.280000 0.014348 
12.320000 0.014380 
12.360000 0.014521 
12.400000 0.014760 
12.440000 0.015088 
12.480000 0.015498 
12.520000 0.015986 
12.560000 0.016548 
12.600000 0.017186 
12.640000 0.017900 
12.680000 0.018697 
12.720000 0.019579 
12.760000 0.020553 
12.800000 0.021625 
12.840000 0.022798 
12.880000 0.024075 
12.920000 0.025458 
12.960000 0.026946 
13.000000 0.028535 
13.040000 0.030219 
13.080000 0.031992 
13.120000 0.033842 
13.160000 0.035760 
13.200000 0.037734 
13.240000 0.039752 
13.280000 0.041802 
13.320000 0.043874 
13.360000 0.045957 
13.400000 0.048043 
13.440000 0.050127 
13.480000 0.052203 
13.520000 0.054269 
13.560000 0.056325 
13.600000 0.058370 
13.640000 0.060407 
13.680000 0.062439 
13.720000 0.064469 
13.760000 0.066503 
13.800000 0.068543 
13.840000 0.070594 
13.880000 0.072658 
13.920000 0.074736 
13.960000 0.076831 
14.000000 0.078939 
14.040000 0.081059 
14.080000 0.083187 
14.120000 0.085317 
14.160000 0.087440 
14.200000 0.089547 
14.240000 0.091627 
14.280000 0.093668 
14.320000 0.095656 
14.360000 0.097575 
14.400000 0.099411 
14.440000 0.101146 
14.480000 0.102766 
14.520000 0.104252 
14.560000 0.105591 
14.600000 0.106768 
14.640000 0.107770 
14.680000 0.108588 
14.720000 0.109212 
14.760000 0.109638 
14.800000 0.109864 
14.840000 0.109893 
14.880000 0.109730 
14.920000 0.109383 
14.960000 0.108864 
15.000000 0.108189 
15.040000 0.107375 
15.080000 0.106441 
15.120000 0.105408 
15.160000 0.104295 
15.200000 0.103124 
15.240000 0.101914 
15.280000 0.100683 
15.320000 0.099445 
15.360000 0.098214 
15.400000 0.097000 
15.440000 0.095809 
15.480000 0.094645 
15.520000 0.093510 
15.560000 0.092401 
15.600000 0.091314 
15.640000 0.090242 
15.680000 0.089178 
15.720000 0.088113 
15.760000 0.087039 
15.800000 0.085946 
15.840000 0.084827 
15.880000 0.083674 
15.920000 0.082483 
15.960000 0.081249 
16.000000 0.079971 
16.040000 0.078648 
16.080000 0.077283 
16.120000 0.075878 
16.160000 0.074438 
16.200000 0.072968 
16.240000 0.071474 
16.280000 0.069962 
16.320000 0.068436 
16.360000 0.066900 
16.400000 0.065359 
16.440000 0.063813 
16.480000 0.062263 
16.520000 0.060706 
16.560000 0.059141 
16.600000 0.057562 
16.640000 0.055965 
16.680000 0.054342 
16.720000 0.052688 
16.760000 0.050996 
16.800000 0.049259 
16.840000 0.047474 
16.880000 0.045637 
16.920000 0.043746 
16.960000 0.041803 
17.000000 0.039810 
17.040000 0.037775 
17.080000 0.035705 
17.120000 0.033613 
17.160000 0.031513 
17.200000 0.029421 
17.240000 0.027356 
17.280000 0.025338 
17.320000 0.023388 
17.360000 0.021528 
17.400000 0.019779 
17.440000 0.018162 
17.480000 0.016697 
17.520000 0.015403 
17.560000 0.014295 
17.600000 0.013387 
17.640000 0.012690 
17.680000 0.012211 
17.720000 0.011955 
17.760000 0.011922 
17.800000 0.012112 
17.840000 0.012518 
17.880000 0.013134 
17.920000 0.013949 
17.960000 0.014950 
18.000000 0.016125 
18.040000 0.017457 
18.080000 0.018932 
18.120000 0.020532 
18.160000 0.022243 
18.200000 0.024049 
18.240000 0.025936 
18.280000 0.027890 
18.320000 0.029902 
18.360000 0.031959 
18.400000 0.034055 
18.440000 0.036182 
18.480000 0.038334 
18.520000 0.040507 
18.560000 0.042698 
18.600000 0.044904 
18.640000 0.047121 
18.680000 0.049348 
18.720000 0.051581 
18.760000 0.053819 
18.800000 0.056057 
18.840000 0.058292 
18.880000 0.060520 
18.920000 0.062737 
18.960000 0.064937 
19.000000 0.067115 
19.040000 0.069268 
19.080000 0.071390 
19.120000 0.073477 
19.160000 0.075525 
19.200000 0.077532 
19.240000 0.079495 
19.280000 0.081413 
19.320000 0.083284 
19.360000 0.085108 
19.400000 0.086886 
19.440000 0.088619 
19.480000 0.090308 
19.520000 0.091955 
19.560000 0.093563 
19.600000 0.095132 
19.640000 0.096664 
19.680000 0.098160 
19.720000 0.099619 
19.760000 0.101040 
19.800000 0.102420 
19.840000 0.103756 
19.880000 0.105041 
19.920000 0.106269 
19.960000 0.107430 
