0.2	-0.6159028732442585	-0.615913999613754	-0.6159146492446885
0.4	-0.6080740699514927	-0.6080249972434895	-0.6080213262234377
0.6	-0.6031214489362674	-0.6030554532225361	-0.6030577901935997
0.8	-0.6057474340686689	-0.6058555174550909	-0.6058859926826048
1	-0.6182018455097323	-0.6183526078022822	-0.6184382547617644
1.2	-0.6448773186717978	-0.6446355684791588	-0.6448260872761346
1.4	-0.6911444819886555	-0.6901512903152681	-0.6905655221354164
1.6	-0.7506648859981339	-0.7485140210976133	-0.7487354650581861
1.8	-0.7984284218330159	-0.7955458637569761	-0.7946728893936409
2	-0.8107419112871055	-0.807210260656744	-0.8062040468321046
2.2	-0.7813753236674693	-0.7784646715923482	-0.7777969863347066
2.4	-0.7263431388150587	-0.7219262118438167	-0.7240164896208451
2.6	-0.6621690238352778	-0.6580604983134797	-0.6609282721410141
2.8	-0.5941371628595707	-0.6025589693392053	-0.6000009555666256
3	-0.5375080864448796	-0.5583411885728213	-0.553318304744706
3.2	-0.5149768718576554	-0.5320441689991665	-0.5301586119788521
3.4	-0.5322285419600609	-0.5289721308932347	-0.5282084481936358
3.6	-0.5663489937590265	-0.5440809696834156	-0.5383852101370766
3.8	-0.5849855786940886	-0.563551113608975	-0.5530048194160778
4	-0.5739113035290024	-0.5750410559792055	-0.565393536049298
4.2	-0.5451376735016229	-0.5754653030966602	-0.5704379219815428
4.4	-0.5250598546145879	-0.5713194926690827	-0.5693507261493574
4.6	-0.531973828446182	-0.5723953643926503	-0.5723928808119002
4.8	-0.5629889578515798	-0.5827162919866606	-0.5883717216549246
5	-0.5991316040019976	-0.5962524358079226	-0.6073045519597138
5.2	-0.6154631597747939	-0.5993479049493068	-0.6064404119748822
5.4	-0.5950869612306183	-0.5810319210592267	-0.5793316086268532
5.6	-0.5465489359515164	-0.545034556239781	-0.5428706340868966
5.8	-0.5008813778642341	-0.5124594011284359	-0.523076212102836
6	-0.4876642405230928	-0.5083999532662576	-0.5365297837700305
6.2	-0.513537292947679	-0.5398137064558188	-0.5792871657281106
6.4	-0.559964047907075	-0.5887636110893368	-0.6287656673322842
6.6	-0.6016294375458411	-0.63004901840747	-0.6604207198738836
6.8	-0.6253139206427244	-0.6502042157092253	-0.6691729598144686
7	-0.6384890589662087	-0.6548238967499919	-0.6668116652154524
7.2	-0.6474939745904353	-0.6548186914085333	-0.6614057960323366
7.4	-0.6439049358707951	-0.6531026358126154	-0.6517381636783629
7.6	-0.6201377084935035	-0.6462076224881477	-0.638725984388004
7.8	-0.583737912950173	-0.6325049580512164	-0.6265579230445097
8	-0.5567707835793816	-0.6145529167879475	-0.6142827269656694
8.2	-0.5552877885394845	-0.5956938990187809	-0.5964316523222039
8.4	-0.5691539778304375	-0.5775497454481027	-0.5718369769697927
8.6	-0.5718200247558141	-0.5599616843463379	-0.5487711641348892
8.8	-0.5490106458178362	-0.5439229328195607	-0.5399328137407045
9	-0.5133930180203683	-0.5343342509095651	-0.5499821487196793
9.2	-0.4904329468087247	-0.5359836847084014	-0.5707585114395796
9.4	-0.4927102098919359	-0.5467666581849158	-0.588809453745875
9.6	-0.5124683543470858	-0.5588515971578049	-0.5959922674421777
9.8	-0.534550372153542	-0.5661918071429279	-0.5952681566468906
10	-0.5489872346769312	-0.5697680054091571	-0.5935388586796906
10.2	-0.5583254403909524	-0.5744895088408816	-0.5913745355011112
10.4	-0.5729882610825483	-0.5824658947566435	-0.5863219334692413
10.6	-0.594629221461693	-0.5895419959072578	-0.5791195075386294
10.8	-0.6124906280364412	-0.5890399286680345	-0.5734780732983463
11	-0.614679893817771	-0.5781114932924545	-0.5728338020064138
11.2	-0.6001702785312226	-0.5624991681985702	-0.5787405591955543
11.4	-0.583508506802086	-0.5535306484341723	-0.5920361360560069
11.6	-0.5816746134446044	-0.5602433334856817	-0.6123068524992846
11.8	-0.5980711061069877	-0.5834743306173833	-0.6355857230147304
12	-0.6253651485287839	-0.6140840736760156	-0.6537685819115105
12.2	-0.654101176376237	-0.6407086497071314	-0.6615958724110026
12.4	-0.6722569587599059	-0.6558268114287086	-0.6620546909520769
12.6	-0.6674422551615354	-0.6567689284974693	-0.6617468190867073
12.8	-0.6367652719556834	-0.6469717788738243	-0.6608944599519142
13	-0.5965362758022205	-0.6346489103871062	-0.6527343513281263
13.2	-0.5697245716722912	-0.6279040028974385	-0.6330324987863242
13.4	-0.5642282108508768	-0.6284176749287689	-0.6066934490228744
13.6	-0.5680717161141616	-0.6305490322538914	-0.584497958396894
13.8	-0.5685172525294807	-0.6236352218441453	-0.5731376209566144
14	-0.5652875537139046	-0.6030374900614196	-0.5692115544673001
14.2	-0.5584206594431531	-0.5743314852282586	-0.5655508863350378
14.4	-0.5381677366659897	-0.550235970901748	-0.560310636771669
14.6	-0.4995222195017284	-0.5418646227684238	-0.5589348541942304
14.8	-0.46089577321508063	-0.5503917032791683	-0.5667998551503206
15	-0.45259934819625014	-0.5662062705855305	-0.5810288887643938
15.2	-0.48421766300527086	-0.5767220296746353	-0.5916765534092351
15.4	-0.533139933266714	-0.5761978581406111	-0.5912851817247725
15.6	-0.5696954952558019	-0.5681082044706458	-0.5822682909832848
15.8	-0.5857098343093877	-0.5608272014273694	-0.573861020594569
16	-0.5920415113821795	-0.561740091539603	-0.5732182457957201
16.2	-0.5965845912535952	-0.5723941223727864	-0.5797419098782004
16.4	-0.5971270516681852	-0.5875442811262303	-0.5884222938876043
16.6	-0.5897697801747276	-0.5988099310413323	-0.5973194977423405
16.8	-0.5814210213397369	-0.6018121895418249	-0.6090524549219892
17	-0.5830162027533344	-0.6009097848580083	-0.6259317471863448
17.2	-0.5932573304855625	-0.6048871499526304	-0.6449826684863097
17.4	-0.6024449517606638	-0.6174919111940097	-0.6581834838367701
17.6	-0.609277321418882	-0.632991226134817	-0.660048731157388
17.8	-0.6210947062280131	-0.6425828331199299	-0.6536578101187006
18	-0.6409474204322073	-0.6439530634902814	-0.6466523084254587
18.2	-0.660826605962802	-0.6406966806400765	-0.6421503189061483
18.4	-0.6628733188401176	-0.6346941167504737	-0.636364385338685
18.6	-0.6354414369766199	-0.6254197821776801	-0.6248617633663118
18.8	-0.5909653585384071	-0.6141934616079207	-0.607270859646578
19	-0.5559303146874078	-0.6038044720440505	-0.586385543729482
19.2	-0.5462283455096534	-0.5942256583100046	-0.566803141089242
19.4	-0.5561330921884746	-0.5829417205963481	-0.5546216489220865
19.6	-0.568819310504812	-0.5713571724734963	-0.5544546083621215
19.8	-0.5740802651156723	-0.5650664220525073	-0.5648879480322837
20	-0.5717399006808705	-0.566093054200798	-0.5786393030832938
