
# L= 80  beta= [2.0]  t_max= 30.0  steps= 2000,D= [60] #
t 	 E 	 mag
0.015	-76.86691672859575	-0.11140608078040948
0.03	-76.86691670896168	-0.11140585181503021
0.045	-76.86691666338402	-0.11140531498362721
0.06	-76.86691658514138	-0.11140437396020106
0.075	-76.86691646289754	-0.1114029072325427
0.09	-76.86691627805457	-0.11140076291250009
0.105	-76.86691600083759	-0.1113977529507991
0.12	-76.86691558471033	-0.11139364682761302
0.135	-76.86691495858014	-0.11138816483974917
0.15	-76.86691401622856	-0.11138097116225748
0.165	-76.86691260240443	-0.11137166692430854
0.18	-76.866910495072	-0.11135978360340969
0.195	-76.86690738353883	-0.11134477710448641
0.21	-76.86690284250754	-0.11132602294616653
0.225	-76.86689630263412	-0.11130281302038149
0.24	-76.86688701888139	-0.11127435441729569
0.255	-76.86687403878864	-0.11123977080992654
0.27	-76.8668561737221	-0.11119810686660395
0.285	-76.86683197710522	-0.11114833610088204
0.3	-76.86679973431382	-0.11108937247542588
0.315	-76.86675746935757	-0.11102008594926321
0.33	-76.86670297327406	-0.11093932199921824
0.345	-76.86663385832149	-0.11084592496216249
0.36	-76.86654764043419	-0.11073876484342385
0.375	-76.86644184995927	-0.11061676702895977
0.39	-76.86631416770078	-0.11047894413775732
0.405	-76.86616257986059	-0.1103244290697454
0.42	-76.86598554215658	-0.11015250815721561
0.435	-76.86578214057158	-0.10996265322668944
0.45	-76.8655522343959	-0.10975455133355347
0.465	-76.8652965668448	-0.10952813095043229
0.48	-76.86501682985502	-0.10928358347495501
0.495	-76.86471567269656	-0.10902137907135838
0.51	-76.86439664855334	-0.10874227606673595
0.525	-76.8640640988375	-0.10844732337591964
0.54	-76.86372298095668	-0.10813785571433242
0.555	-76.86337865088872	-0.10781548165885314
0.57	-76.86303661650848	-0.10748206491455002
0.585	-76.86270228049786	-0.10713969942206056
0.6	-76.86238069256981	-0.10679067918019283
0.615	-76.86207632951759	-0.1064374638475026
0.63	-76.86179291848866	-0.10608264131563688
0.645	-76.86153331430002	-0.10572888851097285
0.66	-76.8612994362251	-0.1053789316792189
0.675	-76.86109226412799	-0.10503550734408959
0.69	-76.86091188878228	-0.1047013250140233
0.705	-76.86075760714893	-0.10437903255103614
0.72	-76.86062805075274	-0.10407118492620435
0.735	-76.86052133404931	-0.10378021688076662
0.75	-76.86043520990367	-0.10350841980379209
0.765	-76.8603672206436	-0.10325792293907213
0.78	-76.86031483538414	-0.10303067885561061
0.795	-76.86027556699108	-0.10282845296531029
0.81	-76.86024706481389	-0.10265281675308244
0.825	-76.86022718194428	-0.10250514430075547
0.84	-76.86021401789536	-0.10238661163616575
0.855	-76.86020593926374	-0.10229819842025314
0.87	-76.86020158198679	-0.1022406914934409
0.885	-76.86019983931448	-0.10221468983290849
0.9	-76.86019983968181	-0.10222061051877264
0.915	-76.86020091835424	-0.10225869536392501
0.93	-76.86020258616041	-0.10232901792407448
0.945	-76.86020449799621	-0.10243149066686769
0.96	-76.86020642304321	-0.10256587213803796
0.975	-76.86020821799373	-0.10273177401580713
0.99	-76.86020980402006	-0.10292866799047343
1.005	-76.86021114771444	-0.10315589244332601
1.02	-76.86021224592523	-0.1034126589277724
1.035	-76.86021311414073	-0.10369805847612329
1.05	-76.86021377796713	-0.10401106776885216
1.065	-76.86021426715746	-0.10435055521024256
1.08	-76.86021461168612	-0.10471528695656304
1.095	-76.86021483936003	-0.1051039329411944
1.11	-76.86021497456689	-0.10551507293683529
1.125	-76.86021503779429	-0.10594720268875724
1.14	-76.86021504565244	-0.1063987401460412
1.155	-76.86021501119771	-0.10686803181034932
1.17	-76.86021494439531	-0.10735335921449263
1.185	-76.86021485264125	-0.10785294553632871
1.2	-76.86021474125829	-0.1083649623473101
1.215	-76.86021461395201	-0.10888753648969272
1.23	-76.86021447319378	-0.1094187570717548
1.245	-76.86021432054	-0.10995668256658712
1.26	-76.86021415688005	-0.11049934799685666
1.275	-76.86021398263593	-0.11104477218548367
1.29	-76.86021379790255	-0.11159096505020809
1.305	-76.86021360256233	-0.11213593491861197
1.32	-76.86021339635697	-0.11267769583907374
1.335	-76.86021317894914	-0.11321427486249275
1.35	-76.86021294995639	-0.11374371926914079
1.365	-76.86021270898291	-0.11426410371491126
1.38	-76.86021245563443	-0.11477353727120582
1.395	-76.86021218953286	-0.11527017033297142
1.41	-76.86021191032351	-0.11575220136973868
1.425	-76.86021161768194	-0.11621788349503753
1.44	-76.86021131131805	-0.11666553083018091
1.455	-76.86021099097783	-0.11709352463915357
1.47	-76.86021065644404	-0.11750031921216708
1.485	-76.86021030754041	-0.1178844474763883
1.5	-76.86020994413077	-0.11824452631334173
1.515	-76.86020956611854	-0.11857926156359014
1.53	-76.86020917344868	-0.11888745270047006
1.545	-76.86020876610688	-0.11916799715587702
1.56	-76.86020834411883	-0.11941989428241379
1.575	-76.86020790755074	-0.1196422489375633
1.59	-76.8602074565091	-0.11983427467694938
1.605	-76.86020699113827	-0.11999529654521895
1.62	-76.86020651162252	-0.12012475345458115
1.635	-76.86020601818149	-0.12022220014254173
1.65	-76.86020551107251	-0.12028730870199002
1.665	-76.86020499058733	-0.12031986967832392
1.68	-76.86020445705127	-0.12031979272996125
1.695	-76.86020391082222	-0.12028710685016414
1.71	-76.86020335228986	-0.1202219601497504
1.725	-76.86020278186965	-0.12012461920188888
1.74	-76.86020220000763	-0.11999546795180327
1.755	-76.86020160717527	-0.11983500619579196
1.77	-76.86020100386722	-0.1196438476355906
1.785	-76.86020039059784	-0.1194227175156618
1.8	-76.8601997679049	-0.11917244985253381
1.815	-76.86019913634074	-0.11889398426680405
1.83	-76.86019849647548	-0.11858836242989174
1.845	-76.86019784889193	-0.11825672413905393
1.86	-76.86019719418351	-0.11790030303550561
1.875	-76.8601965329539	-0.11752042198183354
1.89	-76.86019586581313	-0.11711848811610327
1.905	-76.86019519337748	-0.11669598760127196
1.92	-76.86019451626416	-0.11625448008958761
1.935	-76.86019383509013	-0.11579559292273615
1.95	-76.86019315047398	-0.11532101508943096
1.965	-76.8601924630282	-0.11483249096298964
1.98	-76.86019177336047	-0.11433181384229667
1.995	-76.86019108207032	-0.11382081932018824
2.01	-76.86019038974814	-0.11330137850394997
2.025	-76.86018969697315	-0.11277539111312126
2.04	-76.86018900430976	-0.11224477848021935
2.055	-76.86018831230992	-0.11171147648035831
2.07	-76.86018762150833	-0.1111774284159164
2.085	-76.86018693242092	-0.1106445778826016
2.1	-76.86018624554322	-0.11011486164326173
2.115	-76.86018556135362	-0.10959020253573766
2.13	-76.86018488030494	-0.10907250244089656
2.145	-76.86018420282791	-0.10856363533673893
2.16	-76.86018352933074	-0.10806544046411479
2.175	-76.86018286019473	-0.1075797156291178
2.19	-76.86018219577689	-0.10710821066673443
2.205	-76.8601815364065	-0.10665262108965048
2.22	-76.86018088238755	-0.10621458194542693
2.235	-76.86018023399616	-0.10579566190444761
2.25	-76.86017959148002	-0.10539735760015026
2.265	-76.86017895506006	-0.10502108824210188
2.28	-76.86017832493063	-0.10466819052143347
2.295	-76.86017770125521	-0.10433991382702545
2.31	-76.86017708417312	-0.10403741578970277
2.325	-76.86017647379579	-0.10376175817039168
2.34	-76.86017587020604	-0.10351390310695863
2.355	-76.86017527346371	-0.1032947097330687
2.37	-76.86017468360002	-0.10310493118099806
2.385	-76.8601741006242	-0.10294521197891876
2.4	-76.86017352451876	-0.10281608585167273
2.415	-76.86017295524726	-0.10271797393257166
2.43	-76.86017239274672	-0.10265118339218149
2.445	-76.86017183693693	-0.10261590648856025
2.46	-76.86017128771506	-0.10261222004177384
2.475	-76.86017074496411	-0.10264008533401196
2.49	-76.86017020854455	-0.10269934843497242
2.505	-76.86016967830642	-0.10278974095069598
2.52	-76.8601691540822	-0.10291088119236215
2.535	-76.86016863569174	-0.10306227576010613
2.55	-76.86016812294562	-0.10324332153531995
2.565	-76.86016761564281	-0.10345330807341405
2.58	-76.86016711357391	-0.10369142038756708
2.595	-76.86016661652393	-0.10395674211253053
2.61	-76.86016612427332	-0.1042482590361706
2.625	-76.86016563659787	-0.10456486298509232
2.64	-76.86016515327066	-0.10490535604941006
2.655	-76.86016467406601	-0.10526845513047225
2.67	-76.86016419875847	-0.10565279679419992
2.685	-76.86016372712712	-0.10605694241158942
2.7	-76.86016325895218	-0.10647938356688386
2.715	-76.86016279402111	-0.10691854771299689
2.73	-76.86016233212811	-0.10737280405283744
2.745	-76.86016187307585	-0.1078404696244321
2.76	-76.86016141667622	-0.1083198155669989
2.775	-76.86016096275213	-0.1088090735445113
2.79	-76.86016051113856	-0.10930644230273087
2.805	-76.86016006168182	-0.10981009433525829
2.82	-76.86015961424582	-0.11031818263378623
2.835	-76.86015916870409	-0.11082884749744122
2.85	-76.86015872495163	-0.11134022337600363
2.865	-76.86015828289483	-0.111850445721605
2.88	-76.86015784246112	-0.11235765782364635
2.895	-76.86015740359275	-0.11286001760167591
2.91	-76.8601569662519	-0.11335570433124784
2.925	-76.86015653041738	-0.11384292527804094
2.94	-76.86015609608835	-0.11431992221591486
2.955	-76.86015566328219	-0.11478497780506536
2.97	-76.8601552320351	-0.11523642180698743
2.985	-76.86015480240218	-0.11567263711363222
3	-76.86015437445748	-0.11609206556884952
3.015	-76.86015394829386	-0.11649321356104761
3.03	-76.86015352402158	-0.11687465736686796
3.045	-76.86015310176826	-0.11723504822665945
3.06	-76.86015268168123	-0.1175731171335615
3.075	-76.86015226392247	-0.11788767931908237
3.09	-76.860151848671	-0.11817763841926916
3.105	-76.86015143611824	-0.1184419903067318
3.12	-76.86015102647512	-0.11867982657510116
3.135	-76.86015061996149	-0.11889033766374046
3.15	-76.86015021681246	-0.11907281561202138
3.165	-76.86014981727307	-0.11922665643371574
3.18	-76.86014942160001	-0.11935136210361022
3.195	-76.86014903005793	-0.11944654214982084
3.21	-76.86014864292045	-0.11951191484682347
3.225	-76.86014826046778	-0.11954730800566107
3.24	-76.86014788298495	-0.11955265935930473
3.255	-76.86014751076249	-0.1195280165426738
3.27	-76.86014714409227	-0.1194735366682762
3.285	-76.86014678326862	-0.1193894854999836
3.3	-76.86014642858542	-0.11927623622888972
3.315	-76.86014608033652	-0.11913426785670067
3.33	-76.86014573881094	-0.11896416319352704
3.345	-76.86014540429636	-0.11876660647838995
3.36	-76.86014507707213	-0.11854238063208006
3.375	-76.86014475741332	-0.1182923641534225
3.39	-76.86014444558639	-0.11801752767122282
3.405	-76.86014414184712	-0.11771893016547126
3.42	-76.8601438464437	-0.11739771487254819
3.435	-76.86014355960877	-0.1170551048903119
3.45	-76.86014328156443	-0.1166923985000474
3.465	-76.86014301251882	-0.11631096422322641
3.48	-76.8601427526642	-0.11591223563199633
3.495	-76.86014250217693	-0.11549770593317366
3.51	-76.86014226121632	-0.11506892234631241
3.525	-76.86014202992392	-0.11462748029711822
3.54	-76.86014180842264	-0.11417501744812272
3.555	-76.86014159681704	-0.11371320758907666
3.57	-76.86014139518899	-0.11324375440997977
3.585	-76.86014120360244	-0.11276838518006618
3.6	-76.86014102209921	-0.11228884435629422
3.615	-76.8601408506997	-0.11180688714517016
3.63	-76.86014068940291	-0.11132427304178238
3.645	-76.86014053818583	-0.1108427593699717
3.66	-76.86014039700446	-0.11036409484750034
3.675	-76.86014026579032	-0.10989001319990871
3.69	-76.8601401444561	-0.10942222684653646
3.705	-76.8601400328904	-0.10896242068180227
3.72	-76.86013993096076	-0.10851224597448915
3.735	-76.86013983851458	-0.10807331440722653
3.75	-76.86013975537712	-0.10764719227780337
3.765	-76.86013968135492	-0.1072353948832993
3.78	-76.86013961623223	-0.10683938110725553
3.795	-76.86013955977867	-0.10646054822933168
3.81	-76.86013951173975	-0.10610022697599218
3.825	-76.86013947184934	-0.10575967682982663
3.84	-76.86013943981989	-0.10544008161409829
3.855	-76.86013941535279	-0.10514254536807704
3.87	-76.86013939813101	-0.10486808852752466
3.885	-76.86013938782548	-0.10461764442360597
3.9	-76.86013938409486	-0.10439205611223085
3.915	-76.86013938658692	-0.10419207354456342
3.93	-76.86013939493765	-0.10401835108820098
3.945	-76.86013940877758	-0.10387144540713561
3.96	-76.86013942772665	-0.10375181370726048
3.975	-76.86013945139966	-0.10365981235286602
3.99	-76.86013947940755	-0.10359569585810804
4.005	-76.86013951135631	-0.10355961625606794
4.02	-76.86013954685055	-0.10355162284661756
4.035	-76.86013958549545	-0.10357166232287172
4.05	-76.86013962689371	-0.10361957927461596
4.065	-76.86013967065402	-0.10369511706574058
4.08	-76.86013971638477	-0.10379791908125216
4.095	-76.86013976370138	-0.10392753033817562
4.11	-76.86013981222492	-0.10408339945324374
4.125	-76.86013986158413	-0.10426488095903307
4.14	-76.86013991141438	-0.1044712379588825
4.155	-76.86013996136357	-0.10470164510977101
4.17	-76.86014001108879	-0.10495519192107089
4.185	-76.86014006025968	-0.10523088635603749
4.2	-76.86014010856053	-0.10552765872175518
4.215	-76.86014015568705	-0.10584436583225998
4.23	-76.86014020135306	-0.10617979542861475
4.245	-76.86014024528657	-0.10653267083876036
4.26	-76.8601402872338	-0.10690165585919884
4.275	-76.86014032695782	-0.10728535983971965
4.29	-76.86014036424102	-0.1076823429517781
4.305	-76.86014039888339	-0.10809112162045073
4.32	-76.86014043070672	-0.10851017409937648
4.335	-76.86014045955066	-0.10893794616762872
4.35	-76.86014048527815	-0.10937285692708662
4.365	-76.86014050776967	-0.10981330467855213
4.38	-76.86014052692911	-0.1102576728546814
4.395	-76.8601405426813	-0.11070433598760124
4.41	-76.8601405549711	-0.11115166568909311
4.425	-76.86014056376625	-0.11159803662121001
4.44	-76.86014056905435	-0.11204183243531422
4.455	-76.86014057084498	-0.11248145165773393
4.47	-76.86014056916822	-0.11291531350048481
4.485	-76.86014056407441	-0.1133418635758669
4.5	-76.8601405556337	-0.11375957949418267
4.515	-76.86014054393725	-0.11416697632431429
4.53	-76.86014052909341	-0.11456261189749337
4.545	-76.8601405112302	-0.11494509193523234
4.56	-76.86014049049238	-0.11531307498311326
4.575	-76.86014046704373	-0.11566527713292726
4.59	-76.86014044106263	-0.11600047651646431
4.605	-76.86014041274227	-0.11631751755521835
4.62	-76.8601403822926	-0.11661531495119296
4.635	-76.8601403499364	-0.11689285740500341
4.65	-76.86014031590707	-0.11714921104855652
4.665	-76.8601402804528	-0.1173835225807019
4.68	-76.86014024382966	-0.11759502209533675
4.695	-76.86014020630518	-0.11778302559269663
4.71	-76.86014016815503	-0.11794693716571275
4.725	-76.86014012966064	-0.11808625085459956
4.74	-76.86014009111096	-0.11820055216405345
4.755	-76.86014005280066	-0.11828951923874809
4.77	-76.86014001502598	-0.11835292369405473
4.785	-76.86013997808902	-0.11839063110025996
4.8	-76.86013994229114	-0.11840260111978554
4.815	-76.86013990793526	-0.1183888872982521
4.83	-76.86013987532273	-0.11834963651147418
4.845	-76.86013984475628	-0.11828508807176641
4.86	-76.86013981653134	-0.11819557249815921
4.875	-76.86013979094494	-0.11808150995640879
4.89	-76.86013976828461	-0.11794340837579181
4.905	-76.86013974883487	-0.11778186125095669
4.92	-76.86013973287294	-0.11759754513815464
4.935	-76.86013972067069	-0.11739121685629895
4.95	-76.86013971248796	-0.11716371040435683
4.965	-76.8601397085791	-0.11691593360759531
4.98	-76.86013970918638	-0.11664886450610398
4.995	-76.86013971454275	-0.11636354750000244
5.01	-76.8601397248714	-0.11606108926649616
5.025	-76.86013974038167	-0.11574265446479254
5.04	-76.86013976127185	-0.11540946124558413
5.055	-76.86013978772918	-0.11506277658245807
5.07	-76.86013981992575	-0.11470391144318713
5.085	-76.86013985802285	-0.1143342158193804
5.1	-76.86013990216742	-0.1139550736333989
5.115	-76.86013995249301	-0.11356789754186107
5.13	-76.86014000911993	-0.11317412365530272
5.145	-76.86014007215505	-0.11277520619384607
5.16	-76.86014014169214	-0.11237261209884028
5.175	-76.86014021781027	-0.11196781562053862
5.19	-76.86014030057696	-0.11156229290188353
5.205	-76.86014039004503	-0.1111575165783653
5.22	-76.8601404862574	-0.11075495041383063
5.235	-76.86014058924111	-0.11035604399183105
5.25	-76.86014069901286	-0.10996222748188217
5.265	-76.86014081557974	-0.10957490649958337
5.28	-76.86014093893532	-0.10919545707913958
5.295	-76.86014106906211	-0.10882522077634026
5.31	-76.86014120593617	-0.1084654999194834
5.325	-76.86014134952117	-0.10811755302506297
5.34	-76.86014149977298	-0.10778259039444528
5.355	-76.86014165664116	-0.10746176990691136
5.37	-76.86014182006531	-0.10715619302372256
5.385	-76.86014198997971	-0.10686690101699295
5.4	-76.8601421663151	-0.10659487143624001
5.415	-76.86014234899345	-0.10634101482457456
5.43	-76.86014253793641	-0.10610617169550214
5.445	-76.86014273305882	-0.10589110978027332
5.46	-76.86014293427574	-0.10569652155471114
5.475	-76.86014314149878	-0.10552302205331679
5.49	-76.86014335463977	-0.10537114697741032
5.505	-76.86014357360916	-0.10524135110289703
5.52	-76.86014379831884	-0.1051340069921323
5.535	-76.86014402868108	-0.10504940401321905
5.55	-76.86014426461156	-0.10498774766889443
5.565	-76.86014450602892	-0.10494915923603511
5.58	-76.86014475285387	-0.10493367571561359
5.595	-76.8601450050107	-0.10494125009184611
5.61	-76.86014526242974	-0.1049717518980781
5.625	-76.86014552504793	-0.10502496808585955
5.64	-76.86014579280389	-0.10510060419254098
5.655	-76.86014606564622	-0.10519828580167054
5.67	-76.86014634352898	-0.10531756028936005
5.685	-76.86014662641281	-0.10545789884881444
5.7	-76.86014691426547	-0.10561869878420473
5.715	-76.86014720706453	-0.10579928606410632
5.73	-76.86014750479238	-0.10599891812381396
5.745	-76.86014780744176	-0.10621678690500118
5.76	-76.86014811501305	-0.1064520221203193
5.775	-76.86014842751317	-0.10670369472981517
5.79	-76.86014874496067	-0.10697082061529462
5.805	-76.86014906737923	-0.10725236443809377
5.82	-76.86014939480023	-0.10754724366514559
5.835	-76.86014972726622	-0.10785433274765782
5.85	-76.86015006482492	-0.10817246743621375
5.865	-76.86015040753007	-0.10850044921575136
5.88	-76.86015075544526	-0.10883704984344825
5.895	-76.86015110863875	-0.10918101597227439
5.91	-76.86015146718493	-0.1095310738427634
5.925	-76.8601518311644	-0.10988593402536348
5.94	-76.86015220066317	-0.11024429619564623
5.955	-76.86015257576965	-0.11060485392462266
5.97	-76.86015295657843	-0.11096629946646569
5.985	-76.86015334318581	-0.11132732852600827
6	-76.86015373568979	-0.11168664498858916
6.015	-76.8601541341914	-0.11204296559503736
6.03	-76.86015453879116	-0.11239502454487815
6.045	-76.86015494959098	-0.11274157801120258
6.06	-76.86015536669085	-0.11308140855106436
6.075	-76.86015579018972	-0.11341332939573151
6.09	-76.86015622018306	-0.11373618860566079
6.105	-76.86015665676477	-0.11404887307564161
6.12	-76.86015710002223	-0.11435031237618386
6.135	-76.86015755003744	-0.11463948241792045
6.15	-76.8601580068897	-0.11491540892652327
6.165	-76.86015847064711	-0.11517717071636177
6.18	-76.86015894137378	-0.1154239027520272
6.195	-76.86015941912153	-0.11565479898759325
6.21	-76.86015990393707	-0.11586911497444759
6.225	-76.86016039585186	-0.1160661702293643
6.24	-76.86016089488953	-0.11624535035549637
6.255	-76.86016140106013	-0.11640610890985063
6.27	-76.86016191436379	-0.11654796901183748
6.285	-76.86016243478448	-0.11667052468843332
6.3	-76.86016296229442	-0.11677344195254213
6.315	-76.86016349684904	-0.11685645961209234
6.33	-76.86016403839133	-0.11691938980847669
6.345	-76.86016458684713	-0.11696211828389039
6.36	-76.86016514212791	-0.11698460437817938
6.375	-76.8601657041262	-0.1169868807567751
6.39	-76.86016627272039	-0.11696905287230339
6.405	-76.86016684777177	-0.11693129816339526
6.42	-76.86016742912244	-0.11687386499519353
6.435	-76.86016801660115	-0.11679707134700273
6.45	-76.86016861001376	-0.11670130325337474
6.465	-76.8601692091545	-0.11658701300585148
6.48	-76.86016981379625	-0.11645471712339597
6.495	-76.86017042369738	-0.11630499410037466
6.51	-76.86017103859734	-0.11613848194168708
6.525	-76.86017165822128	-0.11595587549540344
6.54	-76.86017228227477	-0.11575792359393404
6.555	-76.8601729104513	-0.11554542601541215
6.57	-76.86017354242566	-0.11531923027753935
6.585	-76.86017417785816	-0.1150802282767121
6.6	-76.86017481639692	-0.11482935278573445
6.615	-76.86017545767471	-0.11456757382383756
6.63	-76.86017610130995	-0.11429589491314782
6.645	-76.86017674691146	-0.11401534923607078
6.66	-76.86017739407589	-0.11372699570829138
6.675	-76.86017804238658	-0.11343191498236889
6.69	-76.86017869142113	-0.11313120539703939
6.705	-76.86017934074633	-0.11282597888741827
6.72	-76.86017998992223	-0.11251735687139125
6.735	-76.86018063849988	-0.11220646612743762
6.75	-76.86018128602628	-0.11189443467907843
6.765	-76.86018193204583	-0.1115823877010031
6.78	-76.86018257609533	-0.11127144346176324
6.795	-76.86018321771165	-0.11096270931770402
6.81	-76.86018385643251	-0.11065727777248063
6.825	-76.86018449179153	-0.1103562226161888
6.84	-76.86018512332603	-0.110060595157785
6.855	-76.86018575057572	-0.10977142056396519
6.87	-76.8601863730826	-0.1094896943172576
6.885	-76.86018699039543	-0.10921637880552752
6.9	-76.86018760206714	-0.10895240005451441
6.915	-76.8601882076583	-0.10869864461445156
6.93	-76.86018880673811	-0.10845595661113422
6.945	-76.86018939888443	-0.10822513497115685
6.96	-76.8601899836864	-0.10800693083030702
6.975	-76.86019056074497	-0.10780204513338014
6.99	-76.86019112967217	-0.10761112643290098
7.005	-76.8601916900943	-0.1074347688934915
7.02	-76.8601922416533	-0.10727351050773676
7.035	-76.86019278400512	-0.10712783152867719
7.05	-76.86019331682208	-0.10699815312314914
7.065	-76.8601938397933	-0.10688483624938372
7.08	-76.86019435262675	-0.10678818076140212
7.095	-76.86019485504912	-0.10670842474191503
7.11	-76.86019534680412	-0.10664574406454459
7.125	-76.86019582765753	-0.10660025218537775
7.14	-76.86019629739347	-0.1065720001629645
7.155	-76.86019675581875	-0.1065609769050819
7.17	-76.86019720275839	-0.10656710963972865
7.185	-76.86019763806097	-0.10659026460702051
7.2	-76.86019806159652	-0.10663024796786412
7.215	-76.86019847325514	-0.10668680692451118
7.23	-76.86019887295048	-0.10675963104735577
7.245	-76.86019926061758	-0.10684835380161053
7.26	-76.86019963621098	-0.10695255426681254
7.275	-76.86019999971013	-0.10707175904145347
7.29	-76.8602003511156	-0.10720544432438658
7.305	-76.86020069044673	-0.10735303816408642
7.32	-76.8602010177445	-0.1075139228662969
7.335	-76.86020133307213	-0.10768743755005655
7.35	-76.86020163651114	-0.10787288084163887
7.365	-76.86020192816348	-0.10806951369553155
7.38	-76.86020220814811	-0.10827656233114416
7.395	-76.86020247660525	-0.10849322127366762
7.41	-76.86020273369057	-0.10871865648711387
7.425	-76.86020297957755	-0.10895200858742549
7.44	-76.86020321445463	-0.10919239612324863
7.455	-76.86020343852701	-0.10943891891188527
7.47	-76.86020365201115	-0.10969066141776443
7.485	-76.86020385514175	-0.10994669616078309
7.5	-76.86020404816117	-0.11020608714178859
7.515	-76.86020423132669	-0.11046789327258508
7.53	-76.86020440490508	-0.11073117179784978
7.545	-76.86020456917075	-0.11099498169654422
7.56	-76.86020472440877	-0.11125838705054336
7.575	-76.8602048709112	-0.1115204603684249
7.59	-76.86020500897537	-0.11178028585263766
7.605	-76.86020513890418	-0.11203696259856821
7.62	-76.86020526100542	-0.1122896077143561
7.635	-76.86020537558781	-0.11253735935070777
7.65	-76.86020548296513	-0.11277937963037263
7.665	-76.86020558344991	-0.1130148574673853
7.68	-76.86020567735424	-0.1132430112666973
7.695	-76.86020576499045	-0.11346309149530359
7.71	-76.86020584666781	-0.11367438311654558
7.725	-76.860205922693	-0.11387620787982164
7.74	-76.8602059933677	-0.11406792645856409
7.755	-76.8602060589896	-0.11424894042992165
7.77	-76.86020611984918	-0.11441869409025952
7.785	-76.86020617623201	-0.11457667610122665
7.8	-76.86020622841511	-0.11472242096180732
7.815	-76.86020627666659	-0.11485551030246186
7.83	-76.86020632124703	-0.11497557399815389
7.845	-76.86020636240491	-0.11508229109772417
7.86	-76.8602064003818	-0.1151753905678297
7.875	-76.8602064354063	-0.11525465185029543
7.89	-76.8602064676966	-0.11531990523247393
7.905	-76.86020649745905	-0.11537103203088357
7.92	-76.86020652488759	-0.11540796458906605
7.935	-76.86020655016355	-0.11543068609130977
7.95	-76.86020657345756	-0.11543923019452781
7.965	-76.86020659492434	-0.11543368048121516
7.98	-76.86020661470883	-0.11541416973709438
7.995	-76.86020663294084	-0.11538087905759944
8.01	-76.8602066497379	-0.1153340367880065
8.025	-76.86020666520336	-0.11527391730254216
8.04	-76.86020667943014	-0.1152008396283708
8.055	-76.86020669249633	-0.11511516592086143
8.07	-76.86020670446908	-0.11501729979704617
8.085	-76.8602067154015	-0.11490768453460129
8.1	-76.86020672533502	-0.11478680114416259
8.115	-76.86020673430224	-0.1146551663231353
8.13	-76.8602067423224	-0.11451333029951948
8.145	-76.86020674940174	-0.11436187457464357
8.16	-76.8602067555415	-0.11420140957393582
8.175	-76.8602067607276	-0.11403257221512271
8.19	-76.86020676494353	-0.11385602340350667
8.205	-76.86020676815886	-0.1136724454640568
8.22	-76.86020677033645	-0.11348253952030889
8.235	-76.86020677143387	-0.11328702283005576
8.25	-76.86020677139999	-0.11308662608793421
8.265	-76.8602067701807	-0.11288209070504464
8.28	-76.86020676771365	-0.11267416607566691
8.295	-76.86020676393422	-0.1124636068411643
8.31	-76.86020675877339	-0.11225117016101316
8.325	-76.86020675215948	-0.11203761300080536
8.34	-76.8602067440206	-0.11182368944690202
8.355	-76.86020673427969	-0.11161014805721658
8.37	-76.86020672286217	-0.11139772925741082
8.385	-76.86020670969341	-0.11118716279146304
8.4	-76.86020669469822	-0.11097916523534372
8.415	-76.86020667780389	-0.11077443758218555
8.43	-76.8602066589402	-0.11057366290697947
8.445	-76.8602066380394	-0.11037750411846349
8.46	-76.86020661503686	-0.11018660180547954
8.475	-76.86020658987397	-0.11000157218464698
8.49	-76.86020656249431	-0.1098230051557469
8.505	-76.86020653284878	-0.10965146247075608
8.52	-76.86020650089228	-0.10948747602201805
8.535	-76.86020646658824	-0.10933154625449845
8.55	-76.86020642990397	-0.10918414070659122
8.565	-76.86020639081585	-0.10904569268342587
8.58	-76.86020634930696	-0.10891660006608103
8.595	-76.86020630536693	-0.10879722425958424
8.61	-76.86020625899538	-0.10868788928205843
8.625	-76.86020621019756	-0.10858888099678163
8.64	-76.86020615899022	-0.10850044648844437
8.655	-76.86020610539441	-0.10842279358429094
8.67	-76.8602060494423	-0.10835609052034131
8.685	-76.86020599117309	-0.1083004657523162
8.7	-76.86020593063346	-0.10825600791038671
8.715	-76.8602058678816	-0.10822276589634686
8.73	-76.86020580297898	-0.10820074912128314
8.745	-76.8602057359976	-0.1081899278813691
8.76	-76.86020566701688	-0.10819023386886878
8.775	-76.86020559612163	-0.10820156081502244
8.79	-76.8602055234044	-0.10822376526102606
8.805	-76.86020544896719	-0.10825666745288173
8.82	-76.86020537291135	-0.10830005235548619
8.835	-76.86020529534943	-0.10835367078099474
8.85	-76.8602052163973	-0.10841724062603958
8.865	-76.86020513617405	-0.10849044821213946
8.88	-76.86020505480289	-0.10857294972327963
8.895	-76.86020497241269	-0.10866437273436089
8.91	-76.86020488913074	-0.10876431782395363
8.925	-76.8602048050904	-0.10887236026459346
8.94	-76.86020472042388	-0.10898805178360378
8.955	-76.8602046352642	-0.10911092238729705
8.97	-76.86020454974566	-0.10924048224123688
8.985	-76.86020446400063	-0.10937622359913826
9	-76.86020437815897	-0.10951762277288365
9.015	-76.86020429235074	-0.10966414213610215
9.03	-76.86020420670057	-0.10981523215367436
9.045	-76.86020412133088	-0.10997033342959706
9.06	-76.8602040363602	-0.11012887876559732
9.075	-76.86020395189904	-0.11029029522298923
9.09	-76.86020386805554	-0.110454006180343
9.105	-76.860203784929	-0.11061943337960461
9.12	-76.86020370261309	-0.11078599895349896
9.135	-76.86020362119196	-0.11095312742716018
9.15	-76.86020354074478	-0.11112024768715048
9.165	-76.86020346133795	-0.111286794911197
9.18	-76.86020338303018	-0.11145221245226142
9.195	-76.8602033058712	-0.11161595367074476
9.21	-76.86020322989808	-0.11177748370894136
9.225	-76.86020315513868	-0.11193628120213646
9.24	-76.86020308160919	-0.1120918399210308
9.255	-76.86020300931507	-0.1122436703405097
9.27	-76.86020293824791	-0.11239130113010845
9.285	-76.86020286838755	-0.11253428056187145
9.3	-76.86020279970467	-0.11267217783166125
9.315	-76.86020273215365	-0.11280458429032664
9.33	-76.86020266567915	-0.11293111458156063
9.345	-76.86020260021125	-0.11305140768360228
9.36	-76.86020253566743	-0.1131651278523782
9.375	-76.86020247195444	-0.11327196546404164
9.39	-76.86020240896494	-0.11337163775525937
9.405	-76.86020234657983	-0.11346388946002174
9.42	-76.86020228466937	-0.11354849334211176
9.435	-76.86020222308835	-0.1136252506227688
9.45	-76.86020216168446	-0.11369399130349966
9.465	-76.86020210029143	-0.11375457438431583
9.48	-76.860202038733	-0.11380688797810927
9.495	-76.86020197682274	-0.11385084932220577
9.51	-76.86020191436509	-0.11388640468851818
9.525	-76.86020185115397	-0.11391352919404875
9.54	-76.8602017869763	-0.11393222651384835
9.555	-76.86020172160862	-0.11394252849884437
9.57	-76.86020165482246	-0.11394449470127088
9.585	-76.86020158638071	-0.11393821181071848
9.6	-76.86020151604218	-0.113923793004116
9.615	-76.86020144355994	-0.11390137721319654
9.63	-76.86020136868163	-0.11387112831326515
9.645	-76.86020129115087	-0.11383323423730693
9.66	-76.8602012107111	-0.11378790601967592
9.675	-76.86020112710128	-0.11373537677379708
9.69	-76.86020104006016	-0.11367590060849206
9.705	-76.86020094932586	-0.11360975148768049
9.72	-76.86020085463765	-0.11353722203834317
9.735	-76.86020075573528	-0.11345862231173279
9.75	-76.86020065236086	-0.11337427850292922
9.765	-76.86020054426025	-0.11328453163388601
9.78	-76.86020043118273	-0.11318973620515999
9.795	-76.86020031288236	-0.11309025882157187
9.81	-76.86020018911964	-0.11298647679702091
9.825	-76.86020005965948	-0.11287877674368456
9.84	-76.86019992427575	-0.11276755315080428
9.855	-76.86019978274958	-0.11265320695820369
9.87	-76.86019963487021	-0.112536144129609
9.885	-76.86019948043868	-0.11241677423078748
9.9	-76.86019931926106	-0.1122955090173605
9.915	-76.86019915115978	-0.11217276103711457
9.93	-76.86019897596488	-0.1120489422513957
9.945	-76.86019879351903	-0.1119244626801143
9.96	-76.86019860367763	-0.11179972907466691
9.975	-76.8601984063074	-0.1116751436229311
9.99	-76.86019820129117	-0.11155110269028885
10.005	-76.86019798852254	-0.11142799560043681
10.02	-76.86019776791018	-0.11130620345953718
10.035	-76.86019753937775	-0.11118609802703275
10.05	-76.86019730286051	-0.11106804063622114
10.065	-76.86019705831279	-0.11095238116747051
10.08	-76.86019680569964	-0.11083945707666988
10.095	-76.86019654500366	-0.11072959248130898
10.11	-76.86019627622014	-0.11062309730631471
10.125	-76.86019599936176	-0.11052026649150201
10.14	-76.86019571445384	-0.11042137926224574
10.155	-76.86019542153748	-0.11032669846475165
10.17	-76.86019512066838	-0.11023646996700243
10.185	-76.86019481191754	-0.11015092212623004
10.2	-76.86019449536681	-0.11007026532349706
10.215	-76.86019417111523	-0.10999469156573771
10.23	-76.86019383927413	-0.10992437415532372
10.245	-76.86019349996823	-0.10985946742701266
10.26	-76.86019315333375	-0.10980010655188818
10.275	-76.86019279952068	-0.10974640740767329
10.29	-76.86019243869013	-0.10969846651454987
10.305	-76.86019207101378	-0.10965636103545504
10.32	-76.86019169667541	-0.10962014883955637
10.335	-76.86019131586802	-0.10958986862745257
10.35	-76.86019092879357	-0.10956554011644662
10.365	-76.86019053566402	-0.10954716428405484
10.38	-76.8601901366968	-0.109534723667749
10.395	-76.86018973212234	-0.10952818271879552
10.41	-76.86018932217223	-0.10952748820785327
10.425	-76.86018890708685	-0.10953256967994968
10.44	-76.86018848711186	-0.10954333995624288
10.455	-76.86018806249851	-0.10955969567993118
10.47	-76.86018763349975	-0.10958151790355074
10.485	-76.86018720037322	-0.10960867271482441
10.5	-76.86018676337987	-0.10964101189815922
10.515	-76.86018632278142	-0.10967837362881902
10.53	-76.86018587884126	-0.10972058319677741
10.545	-76.86018543182469	-0.10976745375719923
10.56	-76.8601849819946	-0.10981878710448409
10.575	-76.86018452961487	-0.10987437446683265
10.59	-76.86018407494706	-0.10993399731822101
10.605	-76.86018361825256	-0.10999742820478212
10.62	-76.86018315978747	-0.11006443158252685
10.635	-76.86018269980745	-0.11013476466345487
10.65	-76.86018223856314	-0.11020817826707968
10.665	-76.86018177630301	-0.11028441767451164
10.68	-76.86018131326864	-0.1103632234822611
10.695	-76.86018084969687	-0.11044433245302879
10.71	-76.86018038582418	-0.11052747836083429
10.725	-76.86017992187385	-0.11061239282787173
10.74	-76.86017945806756	-0.11069880615069075
10.755	-76.86017899462229	-0.11078644811327594
10.77	-76.86017853174556	-0.1108750487847878
10.785	-76.86017806963795	-0.11096433929984614
10.8	-76.86017760849667	-0.11105405261931917
10.815	-76.86017714850927	-0.11114392426970965
10.83	-76.86017668985733	-0.11123369305940484
10.845	-76.86017623271583	-0.11132310177013305
10.86	-76.8601757772502	-0.11141189782211672
10.875	-76.86017532362256	-0.1114998339115798
10.89	-76.86017487198626	-0.11158666861934552
10.905	-76.86017442248784	-0.11167216698944213
10.92	-76.86017397526722	-0.11175610107675231
10.935	-76.86017353045786	-0.11183825046287174
10.95	-76.86017308818815	-0.11191840273948311
10.965	-76.86017264857617	-0.11199635395866953
10.98	-76.86017221174095	-0.11207190904975976
10.995	-76.8601717777893	-0.11214488220233981
11.01	-76.86017134682707	-0.1122150972153042
11.025	-76.8601709189532	-0.11228238781181873
11.04	-76.8601704942621	-0.11234659792027318
11.055	-76.86017007284538	-0.11240758192136552
11.07	-76.86016965478804	-0.11246520486156392
11.085	-76.86016924017258	-0.1125193426333159
11.1	-76.8601688290806	-0.11256988212245914
11.115	-76.86016842158803	-0.11261672132335054
11.13	-76.86016801776648	-0.11265976942236222
11.145	-76.8601676176922	-0.11269894685044173
11.16	-76.86016722143322	-0.11273418530546817
11.175	-76.86016682905945	-0.11276542774530103
11.19	-76.86016644063935	-0.11279262835236571
11.205	-76.86016605623999	-0.11281575247074616
11.22	-76.86016567592718	-0.11283477651677115
11.235	-76.86016529976965	-0.11284968786412877
11.25	-76.86016492783477	-0.11286048470456991
11.265	-76.8601645601899	-0.11286717588530054
11.28	-76.86016419690479	-0.11286978072418823
11.295	-76.86016383804782	-0.11286832880389297
11.31	-76.8601634836927	-0.11286285974610175
11.325	-76.86016313390998	-0.11285342296697709
11.34	-76.86016278877524	-0.1128400774150144
11.355	-76.86016244836411	-0.1128228912924239
11.37	-76.8601621127553	-0.11280194176119127
11.385	-76.86016178202883	-0.11277731463494511
11.4	-76.86016145626705	-0.11274910405773722
11.415	-76.86016113555391	-0.11271741217082973
11.43	-76.86016081997474	-0.11268234876855907
11.445	-76.86016050961848	-0.11264403094431771
11.46	-76.86016020457512	-0.1126025827276646
11.475	-76.86015990493497	-0.11255813471354145
11.49	-76.86015961079241	-0.11251082368456602
11.505	-76.86015932224097	-0.1124607922272873
11.52	-76.8601590393764	-0.1124081883433004
11.535	-76.86015876229396	-0.1123531650560632
11.55	-76.86015849109249	-0.11229588001421323
11.565	-76.86015822586849	-0.1122364950921492
11.58	-76.86015796671765	-0.11217517598862044
11.595	-76.86015771373809	-0.1121120918240106
11.61	-76.8601574670251	-0.11204741473695913
11.625	-76.86015722667359	-0.11198131948096793
11.64	-76.86015699277591	-0.11191398302154881
11.655	-76.86015676542308	-0.11184558413450046
11.67	-76.86015654470283	-0.11177630300579255
11.685	-76.86015633070214	-0.11170632083359239
11.7	-76.86015612349938	-0.11163581943285764
11.715	-76.86015592317514	-0.1115649808429813
11.73	-76.86015572980125	-0.1114939869388398
11.745	-76.86015554344556	-0.11142301904569986
11.76	-76.86015536417135	-0.11135225755831722
11.775	-76.86015519203512	-0.11128188156460593
11.79	-76.86015502708521	-0.1112120684742019
11.805	-76.86015486936746	-0.11114299365229183
11.82	-76.8601547189153	-0.1110748300589737
11.835	-76.86015457575937	-0.111007747894528
11.85	-76.86015443991552	-0.1109419142508605
11.865	-76.86015431139708	-0.11087749276947842
11.88	-76.86015419020545	-0.11081464330625719
11.895	-76.86015407633296	-0.11075352160337065
11.91	-76.86015396976174	-0.11069427896865637
11.925	-76.86015387046362	-0.11063706196277978
11.94	-76.86015377840211	-0.11058201209450971
11.955	-76.86015369352846	-0.11052926552446252
11.97	-76.860153615782	-0.11047895277765704
11.985	-76.86015354509362	-0.11043119846527605
12	-76.86015348138201	-0.11038612101598685
12.015	-76.86015342455478	-0.11034383241722664
12.03	-76.86015337450792	-0.1103044379668747
12.045	-76.86015333112671	-0.11026803603570126
12.06	-76.86015329428567	-0.11023471784107987
12.075	-76.86015326384806	-0.11020456723236335
12.09	-76.86015323966618	-0.11017766048841693
12.105	-76.86015322158079	-0.11015406612777172
12.12	-76.86015320942548	-0.1101338447319004
12.135	-76.86015320301969	-0.1101170487820729
12.15	-76.86015320217618	-0.11010372251034509
12.165	-76.86015320669587	-0.1100939017651439
12.18	-76.86015321637281	-0.11008761389199206
12.195	-76.86015323099198	-0.11008487762986308
12.21	-76.86015325033007	-0.11008570302368617
12.225	-76.86015327415657	-0.1100900913535129
12.24	-76.86015330223434	-0.11009803508083782
12.255	-76.8601533343212	-0.11010951781255977
12.27	-76.86015337016659	-0.1101245142830593
12.285	-76.86015340951847	-0.11014299035486876
12.3	-76.86015345211972	-0.11016490303833452
12.315	-76.86015349770854	-0.11019020053071632
12.33	-76.86015354602428	-0.11021882227510449
12.345	-76.86015359679875	-0.11025069903947898
12.36	-76.86015364977146	-0.11028575301628626
12.375	-76.86015370467331	-0.11032389794272762
12.39	-76.86015376124193	-0.11036503924209594
12.405	-76.86015381921516	-0.1104090741862579
12.42	-76.8601538783358	-0.11045589207948665
12.435	-76.86015393834326	-0.11050537446368108
12.45	-76.86015399899088	-0.1105573953450628
12.465	-76.86015406003075	-0.11061182144224461
12.48	-76.86015412122528	-0.11066851245564446
12.495	-76.86015418234183	-0.11072732135804161
12.51	-76.8601542431558	-0.1107880947060763
12.525	-76.86015430345249	-0.11085067297238049
12.54	-76.86015436302579	-0.11091489089796924
12.555	-76.86015442168362	-0.11098057786446335
12.57	-76.86015447923964	-0.11104755828559809
12.585	-76.86015453552251	-0.11111565201745197
12.6	-76.86015459037425	-0.11118467478670023
12.615	-76.86015464364885	-0.11125443863613924
12.63	-76.86015469521384	-0.11132475238666634
12.645	-76.860154744953	-0.1113954221147922
12.66	-76.86015479276115	-0.11146625164470311
12.675	-76.8601548385547	-0.11153704305382273
12.69	-76.86015488226059	-0.11160759719069865
12.705	-76.86015492382312	-0.11167771420405596
12.72	-76.86015496320336	-0.11174719408168833
12.735	-76.86015500037972	-0.111815837197866
12.75	-76.86015503534583	-0.11188344486782242
12.765	-76.86015506811437	-0.1119498199078647
12.78	-76.86015509871172	-0.11201476719954213
12.795	-76.86015512718416	-0.11207809425632001
12.81	-76.86015515359344	-0.11213961179107483
12.825	-76.86015517801613	-0.11219913428275613
12.84	-76.86015520054796	-0.11225648054048513
12.855	-76.86015522129885	-0.11231147426331028
12.87	-76.86015524039625	-0.11236394459385858
12.885	-76.86015525798001	-0.11241372666404657
12.9	-76.86015527420766	-0.112460662131043
12.915	-76.86015528924875	-0.11250459970163401
12.93	-76.86015530328825	-0.11254539564315304
12.945	-76.86015531652191	-0.11258291427913758
12.96	-76.86015532915883	-0.11261702846789498
12.975	-76.86015534141906	-0.11264762006215477
12.99	-76.86015535353559	-0.11267458034804162
13.005	-76.8601553657481	-0.11269781046160304
13.02	-76.86015537830558	-0.11271722178118983
13.035	-76.86015539146582	-0.11273273629404094
13.05	-76.86015540549326	-0.11274428693543243
13.065	-76.86015542065724	-0.11275181789887259
13.08	-76.86015543723471	-0.11275528491586614
13.095	-76.8601554555022	-0.112754655503817
13.11	-76.86015547574203	-0.11274990918079919
13.125	-76.86015549823588	-0.11274103764592751
13.14	-76.86015552326789	-0.11272804492422296
13.155	-76.86015555111886	-0.11271094747492524
13.17	-76.86015558207059	-0.11268977426235494
13.185	-76.86015561639942	-0.1126645667884868
13.2	-76.86015565437891	-0.11263537908658354
13.215	-76.86015569627659	-0.11260227767529182
13.23	-76.86015574235351	-0.1125653414727902
13.245	-76.86015579286452	-0.11252466167067497
13.26	-76.8601558480537	-0.11248034156740926
13.275	-76.86015590815687	-0.11243249636132693
13.29	-76.86015597339966	-0.11238125290328543
13.305	-76.86015604399552	-0.11232674940922659
13.32	-76.8601561201453	-0.11226913513305328
13.335	-76.86015620203753	-0.11220857000036757
13.35	-76.86015628984474	-0.11214522420375292
13.365	-76.86015638372764	-0.11207927776045029
13.38	-76.8601564838266	-0.1120109200333997
13.395	-76.86015659027127	-0.11194034921680401
13.41	-76.8601567031689	-0.11186777178742704
13.425	-76.86015682261338	-0.11179340192310588
13.44	-76.86015694868037	-0.11171746088996067
13.455	-76.86015708142476	-0.11164017640001417
13.47	-76.86015722088612	-0.11156178194101875
13.485	-76.86015736708308	-0.1114825160804032
13.5	-76.86015752001653	-0.11140262174541646
13.515	-76.86015767966856	-0.11132234548159417
13.53	-76.86015784600006	-0.11124193669182662
13.545	-76.86015801895697	-0.1111616468584045
13.56	-76.86015819846298	-0.1110817287504524
13.575	-76.86015838442604	-0.11100243561934107
13.59	-76.86015857673353	-0.11092402038463903
13.605	-76.8601587752561	-0.11084673481332002
13.62	-76.86015897984929	-0.11077082869493327
13.635	-76.86015919034827	-0.11069654901552298
13.65	-76.86015940657497	-0.11062413913313501
13.665	-76.86015962833483	-0.11055383795772661
13.68	-76.86015985541918	-0.11048587913837281
13.695	-76.86016008760453	-0.11042049026061687
13.71	-76.86016032465626	-0.11035789205685159
13.725	-76.86016056632683	-0.11029829763257554
13.74	-76.86016081235779	-0.11024191171134903
13.755	-76.8601610624815	-0.11018892990125613
13.77	-76.86016131642118	-0.11013953798561069
13.785	-76.86016157389255	-0.11009391124058995
13.8	-76.86016183460534	-0.11005221378243366
13.815	-76.86016209826376	-0.11001459794673776
13.83	-76.86016236456906	-0.10998120370230163
13.845	-76.86016263321758	-0.1099521581018838
13.86	-76.86016290390708	-0.10992757477212518
13.875	-76.860163176335	-0.10990755344474817
13.89	-76.86016345019978	-0.10989217953104902
13.905	-76.86016372520118	-0.10988152374154955
13.92	-76.86016400104482	-0.10987564175253116
13.935	-76.86016427744171	-0.10987457392101381
13.95	-76.86016455410785	-0.10987834504960134
13.965	-76.86016483076932	-0.109886964202439
13.98	-76.86016510715936	-0.10990042457334999
13.995	-76.86016538302361	-0.10991870340705542
14.01	-76.86016565811764	-0.10994176197418454
14.025	-76.86016593221113	-0.10996954560060804
14.04	-76.86016620508626	-0.11000198375142353
14.055	-76.86016647654053	-0.11003899016974668
14.07	-76.8601667463886	-0.110080463070238
14.085	-76.86016701446206	-0.11012628538712875
14.1	-76.86016728060561	-0.11017632507628558
14.115	-76.86016754468774	-0.11023043547068753
14.13	-76.8601678065943	-0.11028845568843876
14.145	-76.86016806623044	-0.11035021109229576
14.16	-76.86016832352149	-0.11041551379947939
14.175	-76.8601685784141	-0.11048416324033355
14.19	-76.86016883087665	-0.11055594676422531
14.205	-76.86016908089562	-0.11063064029087555
14.22	-76.86016932848406	-0.1107080090051942
14.235	-76.86016957367337	-0.11078780809340101
14.25	-76.86016981651635	-0.11086978351819922
14.265	-76.86017005709046	-0.11095367283048943
14.28	-76.86017029549153	-0.11103920601501283
14.295	-76.86017053183635	-0.11112610636719096
14.31	-76.86017076626587	-0.11121409139825156
14.325	-76.86017099893684	-0.11130287376562994
14.34	-76.86017123002834	-0.1113921622255365
14.355	-76.86017145973717	-0.11148166260445677
14.37	-76.86017168827993	-0.11157107878627207
14.385	-76.86017191588822	-0.11166011371160679
14.4	-76.86017214281208	-0.111748470385958
14.415	-76.8601723693154	-0.11183585289306838
14.43	-76.86017259567693	-0.11192196741001889
14.445	-76.86017282218948	-0.11200652322043961
14.46	-76.86017304915467	-0.11208923372224311
14.475	-76.8601732768887	-0.11216981742629664
14.49	-76.86017350571397	-0.11224799894241766
14.505	-76.86017373596155	-0.11232350994915835
14.52	-76.86017396796889	-0.11239609014382915
14.535	-76.86017420207843	-0.11246548816929888
14.55	-76.86017443863477	-0.11253146251415187
14.565	-76.860174677984	-0.11259378238288065
14.58	-76.86017492047209	-0.11265222853284709
14.595	-76.86017516644644	-0.11270659407490421
14.61	-76.86017541624703	-0.11275668523460118
14.625	-76.86017567020922	-0.1128023220711239
14.64	-76.86017592866457	-0.11284333915117298
14.655	-76.86017619193287	-0.11287958617516561
14.67	-76.8601764603265	-0.11291092855332388
14.685	-76.86017673414418	-0.1129372479293389
14.7	-76.86017701367221	-0.11295844264952107
14.715	-76.86017729918379	-0.11297442817550632
14.73	-76.8601775909315	-0.11298513743877499
14.745	-76.86017788915584	-0.11299052113550531
14.76	-76.86017819407306	-0.11299054796037772
14.775	-76.86017850588094	-0.11298520477830007
14.79	-76.8601788247565	-0.11297449673311356
14.805	-76.8601791508504	-0.11295844729266129
14.82	-76.86017948429152	-0.11293709822977407
14.835	-76.86017982518409	-0.11291050953897777
14.85	-76.86018017360281	-0.11287875928894749
14.865	-76.86018052959827	-0.11284194341099804
14.88	-76.86018089319228	-0.11280017542407922
14.895	-76.86018126437565	-0.11275358609703215
14.91	-76.86018164311287	-0.11270232304905893
14.925	-76.86018202933812	-0.11264655028959378
14.94	-76.86018242295343	-0.11258644769899273
14.955	-76.86018282383203	-0.11252221045168176
14.97	-76.86018323181736	-0.11245404838360493
14.985	-76.86018364672046	-0.11238218530603497
15	-76.86018406832284	-0.11230685826800998
15.015	-76.86018449637588	-0.11222831676985126
15.03	-76.86018493060023	-0.11214682193039831
15.045	-76.8601853706883	-0.1120626456107995
15.06	-76.86018581630283	-0.11197606949781677
15.075	-76.86018626707829	-0.11188738414981939
15.09	-76.86018672262287	-0.11179688800873817
15.105	-76.86018718251611	-0.11170488638141465
15.12	-76.86018764631511	-0.11161169039389153
15.135	-76.86018811354985	-0.11151761592229698
15.15	-76.86018858372887	-0.11142298250409335
15.165	-76.86018905633814	-0.11132811223350539
15.18	-76.86018953084417	-0.11123332864505417
15.195	-76.86019000669418	-0.11113895558915021
15.21	-76.86019048331876	-0.11104531610374875
15.225	-76.86019096013186	-0.11095273128609368
15.24	-76.8601914365348	-0.11086151916860573
15.255	-76.86019191191878	-0.11077199360292442
15.27	-76.8601923856625	-0.11068446315613989
15.285	-76.86019285713694	-0.11059923002320077
15.3	-76.86019332570984	-0.11051658895942729
15.315	-76.8601937907426	-0.11043682623699408
15.33	-76.86019425159745	-0.11036021862920822
15.345	-76.86019470763397	-0.11028703242624467
15.36	-76.86019515821957	-0.11021752248598726
15.375	-76.86019560272041	-0.11015193132340337
15.39	-76.86019604051589	-0.11009048824185388
15.405	-76.86019647099106	-0.11003340850949525
15.42	-76.86019689354448	-0.10998089258385407
15.435	-76.86019730758709	-0.10993312538743098
15.45	-76.86019771254661	-0.1098902756370507
15.465	-76.86019810786831	-0.10985249522945237
15.48	-76.8601984930185	-0.10981991868543925
15.495	-76.86019886748501	-0.10979266265468687
15.51	-76.86019923078058	-0.1097708254830914
15.525	-76.86019958244283	-0.10975448684432884
15.54	-76.86019992203626	-0.10974370743704251
15.555	-76.86020024915894	-0.10973852874887083
15.57	-76.8602005634352	-0.10973897288824364
15.585	-76.86020086452622	-0.1097450424846893
15.6	-76.8602011521238	-0.10975672065807804
15.615	-76.86020142595781	-0.1097739710570412
15.63	-76.86020168579331	-0.1097967379665089
15.645	-76.86020193143459	-0.1098249464840804
15.66	-76.86020216272243	-0.10985850276467585
15.675	-76.8602023795388	-0.10989729433270065
15.69	-76.86020258180574	-0.10994119046064914
15.705	-76.86020276948524	-0.10999004261289387
15.72	-76.86020294258081	-0.110043684953127
15.735	-76.86020310113864	-0.11010193491370987
15.75	-76.86020324524254	-0.11016459382492252
15.765	-76.86020337502379	-0.11023144760196396
15.78	-76.86020349064839	-0.11030226748722033
15.795	-76.86020359232853	-0.1103768108452497
15.81	-76.86020368031372	-0.1104548220076271
15.825	-76.86020375489373	-0.11053603316467134
15.84	-76.86020381639828	-0.11062016530088825
15.855	-76.86020386519388	-0.11070692917078422
15.87	-76.86020390168582	-0.11079602631158669
15.885	-76.86020392631315	-0.11088715008924299
15.9	-76.86020393954952	-0.11097998677396015
15.915	-76.860203941904	-0.11107421664144215
15.93	-76.8602039339138	-0.11116951509585773
15.945	-76.86020391614606	-0.11126555381053468
15.96	-76.86020388919857	-0.11136200188227585
15.975	-76.8602038536913	-0.11145852699513714
15.99	-76.86020381026987	-0.11155479658951198
16.005	-76.86020375960207	-0.1116504790322985
16.02	-76.86020370237335	-0.11174524478394277
16.035	-76.86020363928597	-0.11183876755816732
16.05	-76.86020357106003	-0.11193072547021223
16.065	-76.86020349842414	-0.11202080216943261
16.08	-76.86020342211819	-0.11210868795221564
16.095	-76.86020334289009	-0.11219408085117552
16.11	-76.86020326149105	-0.11227668769673027
16.125	-76.86020317867442	-0.11235622514722607
16.14	-76.86020309519348	-0.11243242068391412
16.155	-76.86020301179755	-0.11250501356719902
16.17	-76.86020292923291	-0.11257375575072824
16.185	-76.86020284823267	-0.11263841275001983
16.2	-76.8602027695226	-0.11269876446255365
16.215	-76.86020269381393	-0.11275460593634165
16.23	-76.86020262180043	-0.11280574808425316
16.245	-76.8602025541599	-0.11285201834154446
16.26	-76.86020249154774	-0.11289326126423233
16.275	-76.86020243459559	-0.11292933906618725
16.29	-76.86020238391085	-0.11296013209305908
16.305	-76.86020234007273	-0.11298553923133509
16.32	-76.86020230363087	-0.11300547825109704
16.335	-76.86020227510409	-0.11301988608131289
16.35	-76.86020225497563	-0.11302871901667058
16.365	-76.86020224369513	-0.11303195285529086
16.38	-76.86020224167443	-0.11302958296683746
16.395	-76.86020224928801	-0.11302162429086542
16.41	-76.86020226687121	-0.11300811126544938
16.425	-76.86020229471764	-0.11298909768640211
16.44	-76.86020233307708	-0.1129646564976618
16.455	-76.86020238215912	-0.1129348795136681
16.47	-76.86020244213034	-0.11289987707476856
16.485	-76.8602025131107	-0.11285977763698202
16.5	-76.8602025951758	-0.11281472729766369
16.515	-76.86020268835827	-0.11276488925883363
16.53	-76.86020279264392	-0.1127104432301839
16.545	-76.86020290797343	-0.11265158477396843
16.56	-76.86020303424385	-0.11258852459423041
16.575	-76.86020317130613	-0.1125214877729557
16.59	-76.86020331896941	-0.11245071295600935
16.605	-76.86020347699628	-0.11237645149181977
16.62	-76.86020364511005	-0.11229896652600836
16.635	-76.86020382299051	-0.11221853205525356
16.65	-76.86020401027749	-0.11213543194388084
16.665	-76.8602042065716	-0.11204995890676232
16.68	-76.8602044114366	-0.11196241346224503
16.695	-76.86020462439797	-0.1118731028589228
16.71	-76.86020484495018	-0.11178233998016839
16.725	-76.86020507255125	-0.11169044223038728
16.74	-76.86020530663122	-0.11159773040706972
16.755	-76.86020554659035	-0.11150452756269008
16.77	-76.86020579180325	-0.11141115786060984
16.785	-76.86020604162002	-0.1113179454290848
16.8	-76.86020629536871	-0.11122521321752886
16.815	-76.8602065523598	-0.1111332818591495
16.83	-76.86020681188455	-0.11104246854402922
16.845	-76.86020707322204	-0.1109530859067131
16.86	-76.8602073356399	-0.11086544093226586
16.875	-76.86020759839805	-0.11077983388470831
16.89	-76.86020786074825	-0.11069655726165523
16.905	-76.86020812194148	-0.11061589477886005
16.92	-76.86020838122683	-0.11053812038826391
16.935	-76.86020863785963	-0.11046349733302357
16.95	-76.86020889109753	-0.11039227724282047
16.965	-76.86020914020776	-0.11032469927264762
16.98	-76.8602093844694	-0.1102609892880625
16.995	-76.86020962317522	-0.11020135909973416
17.01	-76.86020985563519	-0.11014600574993694
17.025	-76.86021008117936	-0.11009511085341953
17.04	-76.8602102991599	-0.11004883999491122
17.055	-76.86021050895285	-0.11000734218528159
17.07	-76.86021070996266	-0.10997074937816725
17.085	-76.8602109016231	-0.10993917604865867
17.1	-76.8602110834018	-0.10991271883539673
17.115	-76.86021125479742	-0.10989145624719204
17.13	-76.86021141534682	-0.10987544843507477
17.145	-76.86021156462442	-0.10986473703039068
17.16	-76.86021170224764	-0.10985934504936008
17.175	-76.86021182786953	-0.10985927686423319
17.19	-76.86021194119256	-0.10986451824100193
17.205	-76.86021204195808	-0.10987503644326752
17.22	-76.86021212995708	-0.10989078040177439
17.235	-76.86021220502577	-0.10991168094873138
17.25	-76.86021226704571	-0.10993765111592341
17.265	-76.86021231595036	-0.10996858649533812
17.28	-76.86021235171809	-0.11000436566078889
17.295	-76.86021237437674	-0.11004485064885203
17.31	-76.8602123840044	-0.1100898874971826
17.325	-76.86021238072571	-0.11013930683807716
17.34	-76.86021236471308	-0.11019292454497781
17.355	-76.86021233618945	-0.11025054242941001
17.37	-76.86021229542098	-0.11031194898565952
17.385	-76.86021224272292	-0.11037692018036946
17.4	-76.86021217845388	-0.11044522028403718
17.415	-76.86021210301722	-0.11051660274128178
17.43	-76.86021201685821	-0.11059081107661281
17.445	-76.86021192046029	-0.11066757983230002
17.46	-76.86021181435102	-0.1107466355348832
17.475	-76.86021169909242	-0.11082769768669085
17.49	-76.86021157528069	-0.11091047977874688
17.505	-76.86021144354571	-0.11099469032132883
17.52	-76.86021130454778	-0.11108003388839216
17.535	-76.86021115897645	-0.11116621217206493
17.55	-76.86021100754641	-0.11125292504336155
17.565	-76.86021085099301	-0.11133987161529324
17.58	-76.86021069007522	-0.11142675130453941
17.595	-76.86021052556922	-0.11151326488785027
17.61	-76.86021035826275	-0.11159911554941242
17.625	-76.86021018895852	-0.11168400991546518
17.64	-76.86021001846494	-0.11176765907246111
17.655	-76.86020984759791	-0.111849779565216
17.67	-76.86020967717666	-0.11193009437151766
17.685	-76.86020950801803	-0.1120083338497955
17.7	-76.86020934093646	-0.11208423665657041
17.715	-76.86020917673828	-0.11215755063049915
17.73	-76.8602090162229	-0.11222803364000031
17.745	-76.86020886017499	-0.112295454391552
17.76	-76.86020870936483	-0.11235959319595523
17.775	-76.8602085645424	-0.11242024268998138
17.79	-76.86020842643902	-0.11247720851102101
17.805	-76.86020829575939	-0.1125303099225184
17.82	-76.8602081731852	-0.11257938038817537
17.835	-76.86020805936506	-0.11262426809309597
17.85	-76.86020795491729	-0.11266483641025431
17.865	-76.86020786042606	-0.1127009643108705
17.88	-76.86020777644015	-0.11273254671747543
17.895	-76.86020770346904	-0.11275949479868558
17.91	-76.86020764198284	-0.11278173620491339
17.925	-76.86020759240873	-0.11279921524444148
17.94	-76.86020755512988	-0.11281189299954611
17.955	-76.8602075304843	-0.11281974738253422
17.97	-76.8602075187653	-0.11282277313180641
17.985	-76.86020752021636	-0.11282098174825438
18	-76.86020753503358	-0.11281440137254152
18.015	-76.86020756336164	-0.11280307660400372
18.03	-76.86020760529786	-0.11278706826211683
18.045	-76.86020766088826	-0.11276645309171929
18.06	-76.86020773012612	-0.11274132341330734
18.075	-76.8602078129548	-0.11271178671998364
18.09	-76.86020790926783	-0.11267796522278023
18.105	-76.86020801890803	-0.11263999534626781
18.12	-76.86020814166608	-0.1125980271765276
18.135	-76.86020827728554	-0.11255222386376988
18.15	-76.86020842546186	-0.11250276098192874
18.165	-76.86020858584041	-0.11244982584783408
18.18	-76.86020875802132	-0.11239361680260555
18.195	-76.86020894156121	-0.11233434245806373
18.21	-76.86020913597149	-0.1122722209110609
18.225	-76.86020934072333	-0.11220747892875105
18.24	-76.86020955524634	-0.1121403511078741
18.255	-76.8602097789345	-0.11207107901123489
18.27	-76.86021001114466	-0.11199991028459994
18.285	-76.86021025120084	-0.11192709775730392
18.3	-76.86021049839643	-0.11185289852988003
18.315	-76.86021075199875	-0.11177757305207323
18.33	-76.86021101124439	-0.11170138419458306
18.345	-76.86021127535494	-0.11162459631793109
18.36	-76.86021154352639	-0.11154747434175835
18.375	-76.86021181494124	-0.111470282817935
18.39	-76.86021208876639	-0.11139328501074305
18.405	-76.8602123641603	-0.11131674198739103
18.42	-76.86021264027436	-0.11124091172204967
18.435	-76.86021291625583	-0.11116604821652275
18.45	-76.86021319124961	-0.11109240064059311
18.465	-76.8602134644062	-0.11102021249499602
18.48	-76.86021373488083	-0.11094972079984768
18.495	-76.8602140018379	-0.11088115531126869
18.51	-76.86021426445393	-0.11081473776881928
18.525	-76.86021452192337	-0.11075068117621542
18.54	-76.86021477345645	-0.11068918911766766
18.555	-76.86021501828684	-0.11063045511205485
18.57	-76.86021525567426	-0.11057466200695587
18.585	-76.86021548490534	-0.11052198141443749
18.6	-76.86021570529654	-0.11047257319030901
18.615	-76.86021591619875	-0.11042658495840371
18.63	-76.86021611699908	-0.11038415168125199
18.645	-76.86021630712428	-0.11034539527834072
18.66	-76.86021648604033	-0.1103104242929831
18.675	-76.86021665325728	-0.1102793336086192
18.69	-76.86021680833127	-0.11025220421519676
18.705	-76.86021695086453	-0.1102291030260877
18.72	-76.86021708050956	-0.11021008274581132
18.735	-76.86021719696889	-0.11019518178864673
18.75	-76.86021729999764	-0.11018442424803201
18.765	-76.86021738940651	-0.11017781991647557
18.78	-76.86021746505739	-0.11017536435547971
18.795	-76.86021752686925	-0.11017703901487963
18.81	-76.86021757481936	-0.11018281140074321
18.825	-76.86021760893827	-0.11019263529084086
18.84	-76.86021762931736	-0.11020645099656395
18.855	-76.86021763610472	-0.1102241856699383
18.87	-76.86021762950604	-0.11024575365429737
18.885	-76.86021760978056	-0.11027105687697825
18.9	-76.86021757725096	-0.11029998528232818
18.915	-76.86021753229086	-0.11033241730307723
18.93	-76.86021747533212	-0.11036822036813944
18.945	-76.8602174068585	-0.11040725144467203
18.96	-76.86021732740895	-0.11044935761219829
18.975	-76.86021723757396	-0.11049437666645001
18.99	-76.86021713799408	-0.11054213775053943
19.005	-76.86021702935714	-0.11059246201096015
19.02	-76.86021691239822	-0.11064516327587548
19.035	-76.8602167878949	-0.11070004875307597
19.05	-76.86021665666956	-0.11075691974495747
19.065	-76.86021651958069	-0.11081557237780934
19.08	-76.8602163775251	-0.11087579834271677
19.095	-76.86021623143361	-0.11093738564532563
19.11	-76.86021608226599	-0.11100011936172374
19.125	-76.86021593101152	-0.11106378239772352
19.14	-76.86021577868318	-0.11112815624879858
19.155	-76.86021562631555	-0.11119302175799611
19.17	-76.86021547496073	-0.11125815986914243
19.185	-76.86021532568623	-0.11132335237274843
19.2	-76.86021517956864	-0.11138838264201334
19.215	-76.8602150376958	-0.11145303635646026
19.23	-76.86021490115527	-0.111517102210727
19.245	-76.86021477103787	-0.11158037260620096
19.26	-76.86021464842969	-0.11164264432318456
19.275	-76.86021453441104	-0.1117037191714543
19.29	-76.8602144300529	-0.11176340461711126
19.305	-76.86021433641089	-0.11182151438376267
19.32	-76.86021425452564	-0.11187786902620192
19.335	-76.86021418541331	-0.11193229647480803
19.35	-76.86021413007086	-0.11198463254911023
19.365	-76.86021408946571	-0.1120347214389852
19.38	-76.86021406453727	-0.1120824161521726
19.395	-76.86021405618897	-0.1121275789268758
19.41	-76.86021406529072	-0.11217008160839506
19.425	-76.8602140926702	-0.11220980598882938
19.44	-76.86021413911841	-0.11224664410910676
19.455	-76.86021420538022	-0.11228049852264235
19.47	-76.86021429215155	-0.11231128252016165
19.485	-76.860214400083	-0.11233892031534107
19.5	-76.86021452977396	-0.11236334719102484
19.515	-76.86021468177076	-0.11238450960597675
19.53	-76.86021485656575	-0.11240236526224366
19.545	-76.86021505459362	-0.11241688313333514
19.56	-76.86021527623566	-0.11242804345360133
19.575	-76.86021552181188	-0.11243583766925498
19.59	-76.86021579158505	-0.11244026835171378
19.605	-76.86021608575568	-0.11244134907396848
19.62	-76.86021640446536	-0.11243910425088119
19.635	-76.86021674779538	-0.11243356894438081
19.65	-76.86021711576328	-0.11242478863467331
19.665	-76.8602175083268	-0.11241281895868233
19.68	-76.8602179253823	-0.11239772541702583
19.695	-76.86021836676572	-0.1123795830509434
19.71	-76.86021883225298	-0.11235847609066284
19.725	-76.86021932155876	-0.1123344975768153
19.74	-76.86021983434121	-0.11230774895653345
19.755	-76.86022037020015	-0.11227833965596326
19.77	-76.86022092867964	-0.11224638663098234
19.785	-76.86022150926752	-0.11221201389796616
19.8	-76.86022211139974	-0.11217535204649537
19.815	-76.86022273446146	-0.11213653773592766
19.83	-76.86022337778766	-0.11209571317778454
19.845	-76.8602240406651	-0.11205302560595841
19.86	-76.86022472233651	-0.11200862673672236
19.875	-76.86022542200163	-0.11196267222055997
19.89	-76.86022613882034	-0.11191532108780892
19.905	-76.8602268719161	-0.11186673519014684
19.92	-76.86022762037466	-0.11181707863987829
19.935	-76.86022838325322	-0.11176651724902295
19.95	-76.86022915957855	-0.11171521797011283
19.965	-76.86022994835247	-0.11166334834063502
19.98	-76.86023074855555	-0.11161107593295153
19.995	-76.86023155914542	-0.11155856781154799
20.01	-76.86023237907028	-0.11150598999935302
20.025	-76.86023320726225	-0.11145350695482881
20.04	-76.86023404264341	-0.1114012810614882
20.055	-76.86023488413639	-0.11134947213140606
20.07	-76.86023573065766	-0.11129823692419316
20.085	-76.86023658112933	-0.11124772868289218
20.1	-76.86023743447733	-0.11119809668808173
20.115	-76.86023828963963	-0.11114948583147292
20.13	-76.86023914556498	-0.11110203621012217
20.145	-76.86024000122258	-0.11105588274234604
20.16	-76.86024085560243	-0.11101115480628425
20.175	-76.86024170771645	-0.11096797590198375
20.19	-76.86024255660729	-0.11092646333778583
20.205	-76.86024340134979	-0.11088672794166335
20.22	-76.86024424105257	-0.11084887379807795
20.235	-76.86024507486364	-0.11081299801083536
20.25	-76.86024590197528	-0.11077919049227927
20.265	-76.86024672162186	-0.110747533779089
20.28	-76.86024753308725	-0.11071810287484657
20.295	-76.8602483357077	-0.11069096511942807
20.31	-76.86024912887282	-0.11066618008516785
20.325	-76.86024991202618	-0.11064379949967051
20.34	-76.86025068467562	-0.11062386719504971
20.355	-76.86025144638559	-0.11060641908324237
20.37	-76.86025219678406	-0.11059148315702061
20.385	-76.8602529355656	-0.1105790795161957
20.4	-76.86025366248933	-0.11056922041842818
20.415	-76.86025437738206	-0.11056191035401401
20.43	-76.86025508013896	-0.11055714614390577
20.445	-76.86025577072532	-0.1105549170601852
20.46	-76.86025644917308	-0.11055520496812073
20.475	-76.86025711558531	-0.11055798448891527
20.49	-76.86025777013603	-0.11056322318215947
20.505	-76.86025841306345	-0.11057088174696006
20.52	-76.8602590446789	-0.11058091424073915
20.535	-76.86025966535966	-0.1105932683145299
20.55	-76.8602602755465	-0.11060788546369987
20.565	-76.86026087574604	-0.11062470129291516
20.58	-76.86026146652934	-0.11064364579417908
20.595	-76.8602620485237	-0.11066464363673002
20.61	-76.86026262242036	-0.11068761446762662
20.625	-76.86026318896158	-0.1107124732217623
20.64	-76.86026374894577	-0.11073913044013964
20.655	-76.86026430321988	-0.11076749259516144
20.67	-76.86026485267847	-0.11079746242175267
20.685	-76.86026539825923	-0.11082893925312531
20.7	-76.86026594094298	-0.11086181936001346
20.715	-76.86026648174591	-0.1108959962922155
20.73	-76.8602670217167	-0.11093136122134417
20.745	-76.86026756193591	-0.1109678032836767
20.76	-76.86026810350887	-0.11100520992203725
20.775	-76.8602686475637	-0.11104346722569423
20.79	-76.86026919524618	-0.11108246026728705
20.805	-76.86026974771579	-0.11112207343581643
20.82	-76.86027030614602	-0.11116219076482782
20.835	-76.86027087171195	-0.11120269625488441
20.85	-76.86027144559532	-0.1112434741895684
20.865	-76.86027202897392	-0.11128440944420356
20.88	-76.86027262302255	-0.11132538778661756
20.895	-76.8602732289065	-0.11136629616925818
20.91	-76.86027384777886	-0.11140702301207395
20.925	-76.86027448077672	-0.11144745847557952
20.94	-76.86027512901694	-0.11148749472360858
20.955	-76.86027579359602	-0.11152702617530749
20.97	-76.86027647558075	-0.11156594974593262
20.985	-76.8602771760109	-0.11160416507614129
21	-76.86027789589389	-0.11164157474943542
21.015	-76.8602786362018	-0.11167808449752475
21.03	-76.86027939786837	-0.11171360339339267
21.045	-76.8602801817852	-0.11174804403190719
21.06	-76.86028098880358	-0.11178132269787353
21.075	-76.86028181972699	-0.11181335952142854
21.09	-76.86028267531248	-0.11184407862078681
21.105	-76.86028355626499	-0.11187340823230937
21.12	-76.8602844632403	-0.11190128082798081
21.135	-76.86028539683947	-0.11192763322034836
21.15	-76.86028635760817	-0.11195240665506365
21.165	-76.86028734603445	-0.11197554689116514
21.18	-76.86028836255052	-0.1119970042692966
21.195	-76.86028940752558	-0.11201673376803781
21.21	-76.86029048127283	-0.11203469504863099
21.225	-76.86029158404128	-0.11205085248829769
21.24	-76.8602927160186	-0.11206517520247487
21.255	-76.86029387732856	-0.11207763705622777
21.27	-76.86029506803492	-0.11208821666517596
21.285	-76.86029628813387	-0.1120968973862233
21.3	-76.8602975375609	-0.11210366729847046
21.315	-76.86029881618778	-0.11210851917461223
21.33	-76.86030012381957	-0.11211145044319071
21.345	-76.86030146020211	-0.11211246314207514
21.36	-76.86030282501459	-0.11211156386349294
21.375	-76.86030421787683	-0.11210876369101691
21.39	-76.86030563834393	-0.11210407812882792
21.405	-76.86030708591396	-0.11209752702366105
21.42	-76.86030856002263	-0.11208913447974342
21.435	-76.86031006004674	-0.11207892876711661
21.45	-76.86031158530751	-0.11206694222367919
21.465	-76.86031313506979	-0.11205321115127906
21.48	-76.86031470854408	-0.11203777570619355
21.495	-76.86031630488975	-0.11202067978434255
21.51	-76.86031792321589	-0.11200197090151436
21.525	-76.86031956258115	-0.11198170006893111
21.54	-76.86032122200349	-0.11195992166444613
21.555	-76.8603229004529	-0.11193669329962919
21.57	-76.86032459686439	-0.1119120756830548
21.585	-76.86032631013165	-0.11188613247999192
21.6	-76.86032803911579	-0.11185893016879388
21.615	-76.86032978264885	-0.11183053789418317
21.63	-76.86033153953235	-0.11180102731766044
21.645	-76.86033330854697	-0.11177047246525514
21.66	-76.86033508845226	-0.1117389495727891
21.675	-76.86033687799437	-0.11170653692885911
21.69	-76.86033867590466	-0.11167331471568416
21.705	-76.86034048091057	-0.11163936484799905
21.72	-76.86034229173558	-0.11160477081012238
21.735	-76.86034410710468	-0.1115696174913546
21.75	-76.86034592575129	-0.1115339910198214
21.765	-76.86034774641925	-0.11149797859488689
21.78	-76.8603495678689	-0.11146166831825277
21.795	-76.8603513888831	-0.11142514902384937
21.81	-76.86035320827018	-0.11138851010660697
21.825	-76.86035502487037	-0.11135184135022319
21.84	-76.86035683756093	-0.11131523275400723
21.855	-76.86035864525915	-0.11127877435888747
21.87	-76.86036044693036	-0.11124255607268863
21.885	-76.86036224158826	-0.11120666749475581
21.9	-76.860364028305	-0.11117119774002479
21.915	-76.86036580620977	-0.11113623526263869
21.93	-76.860367574497	-0.1111018676792068
21.945	-76.86036933242927	-0.11106818159182713
21.96	-76.86037107934115	-0.11103526241098292
21.975	-76.86037281464097	-0.11100319417843968
21.99	-76.86037453781526	-0.11097205939029839
22.005	-76.86037624843193	-0.11094193882034967
22.02	-76.86037794614113	-0.11091291134390095
22.035	-76.86037963067837	-0.11088505376225982
22.05	-76.8603813018652	-0.11085844062809462
22.065	-76.86038295961002	-0.11083314407187206
22.08	-76.86038460391286	-0.11080923362965053
22.095	-76.86038623485788	-0.11078677607245481
22.11	-76.86038785261927	-0.11076583523756064
22.125	-76.86038945746071	-0.11074647186198977
22.14	-76.86039104973091	-0.11072874341853287
22.155	-76.86039262986363	-0.1107127039546939
22.17	-76.86039419837873	-0.1106984039349192
22.185	-76.86039575587439	-0.11068589008652474
22.2	-76.86039730303142	-0.1106752052497704
22.215	-76.86039884060497	-0.11066638823250716
22.23	-76.8604003694231	-0.11065947366990138
22.245	-76.8604018903847	-0.11065449188972584
22.26	-76.86040340445581	-0.11065146878372746
22.275	-76.86040491266311	-0.1106504256856087
22.29	-76.86040641609141	-0.1106513792561798
22.305	-76.86040791588144	-0.11065434137623253
22.32	-76.86040941322224	-0.11065931904770743
22.335	-76.86041090935016	-0.11066631430373206
22.35	-76.86041240554053	-0.11067532412811062
22.365	-76.86041390310614	-0.11068634038485184
22.38	-76.86041540338957	-0.11069934975829562
22.395	-76.86041690776399	-0.110714333704434
22.41	-76.86041841762072	-0.11073126841395015
22.425	-76.86041993437145	-0.1107501247875605
22.44	-76.86042145944111	-0.11077086842415268
22.455	-76.86042299426249	-0.11079345962223386
22.47	-76.86042454027401	-0.11081785339516778
22.485	-76.8604260989119	-0.11084399950063864
22.5	-76.86042767160924	-0.11087184248475096
22.515	-76.86042925979218	-0.11090132174115128
22.53	-76.86043086487221	-0.11093237158546329
22.545	-76.86043248824555	-0.11096492134536046
22.56	-76.86043413128813	-0.11099889546648009
22.575	-76.86043579535361	-0.11103421363436579
22.59	-76.86043748176292	-0.11107079091255007
22.605	-76.8604391918117	-0.11110853789687239
22.62	-76.86044092676008	-0.11114736088599259
22.635	-76.8604426878271	-0.11118716206805646
22.65	-76.86044447619543	-0.11122783972341287
22.665	-76.86044629300004	-0.11126928844312728
22.68	-76.86044813933142	-0.11131139936309709
22.695	-76.86045001622965	-0.11135406041338324
22.71	-76.8604519246811	-0.11139715658238325
22.725	-76.86045386561766	-0.1114405701953776
22.74	-76.86045583991441	-0.11148418120688605
22.755	-76.86045784838379	-0.11152786750623483
22.77	-76.86045989177491	-0.1115715052356699
22.785	-76.86046197077265	-0.11161496912024382
22.8	-76.86046408599509	-0.11165813280868421
22.815	-76.86046623798775	-0.11170086922435177
22.83	-76.86046842722368	-0.11174305092537837
22.845	-76.86047065410409	-0.11178455047296804
22.86	-76.86047291895265	-0.11182524080681633
22.875	-76.86047522201336	-0.11186499562655722
22.89	-76.86047756345341	-0.11190368977808779
22.905	-76.86047994335553	-0.1119411996435605
22.92	-76.86048236172061	-0.11197740353383728
22.935	-76.86048481846453	-0.11201218208211697
22.95	-76.86048731341833	-0.11204541863745454
22.965	-76.86048984632596	-0.11207699965682463
22.98	-76.86049241684354	-0.11210681509440806
22.995	-76.86049502454	-0.1121347587867293
23.01	-76.86049766889566	-0.11216072883226727
23.025	-76.8605003493024	-0.1121846279641737
23.04	-76.86050306506235	-0.11220636391471012
23.055	-76.86050581539227	-0.1122258497700514
23.07	-76.86050859941999	-0.11224300431405976
23.085	-76.86051141618752	-0.11225775235972864
23.1	-76.8605142646536	-0.11227002506693362
23.115	-76.86051714369256	-0.11227976024521795
23.13	-76.86052005209804	-0.11228690264033941
23.145	-76.86052298858749	-0.1122914042033507
23.16	-76.8605259517993	-0.11229322434102304
23.175	-76.86052894030436	-0.11229233014649215
23.19	-76.86053195260202	-0.1122886966090034
23.205	-76.86053498712948	-0.11228230680175871
23.22	-76.86053804226393	-0.11227315204686139
23.235	-76.86054111632718	-0.11226123205646944
23.25	-76.86054420759275	-0.11224655504930028
23.265	-76.86054731429006	-0.11222913784171452
23.28	-76.86055043461116	-0.11220900591268818
23.295	-76.8605535667169	-0.11218619344204278
23.31	-76.86055670874383	-0.11216074332137929
23.325	-76.86055985881183	-0.11213270713728102
23.34	-76.86056301502785	-0.11210214512638944
23.355	-76.86056617549933	-0.11206912610206385
23.37	-76.86056933833723	-0.11203372735242423
23.385	-76.86057250166425	-0.11199603450968028
23.4	-76.86057566362511	-0.1119561413907007
23.415	-76.86057882239214	-0.11191414980891706
23.43	-76.86058197617365	-0.11187016935772903
23.445	-76.86058512322107	-0.11182431716564747
23.46	-76.86058826183994	-0.11177671762357765
23.475	-76.86059139039145	-0.11172750208464813
23.49	-76.86059450730757	-0.11167680853717482
23.505	-76.86059761108999	-0.11162478125137694
23.52	-76.86060070032303	-0.1115715704006034
23.535	-76.86060377367657	-0.11151733165790345
23.55	-76.86060682991402	-0.1114622257688661
23.565	-76.86060986789549	-0.11140641810175751
23.58	-76.86061288658729	-0.11135007817608553
23.595	-76.8606158850629	-0.111293379170772
23.61	-76.8606188625057	-0.11123649741325414
23.625	-76.8606218182174	-0.11117961185089298
23.64	-76.86062475161934	-0.11112290350615209
23.655	-76.86062766225038	-0.11106655491708316
23.67	-76.86063054977652	-0.11101074956479147
23.685	-76.86063341398605	-0.11095567128951188
23.7	-76.86063625479235	-0.110901503697136
23.715	-76.86063907223699	-0.11084842955798524
23.73	-76.86064186648237	-0.11079663019974217
23.745	-76.86064463781788	-0.1107462848965067
23.76	-76.86064738665377	-0.1106975702559589
23.775	-76.86065011352021	-0.11065065960671025
23.79	-76.86065281906887	-0.11060572238791751
23.805	-76.86065550406208	-0.11056292354326559
23.82	-76.86065816937833	-0.11052242292151257
23.835	-76.86066081600012	-0.11048437468570699
23.85	-76.86066344501774	-0.1104489267332992
23.865	-76.86066605761933	-0.11041622012928876
23.88	-76.8606686550871	-0.1103863885546067
23.895	-76.86067123879695	-0.11035955777186864
23.91	-76.86067381020827	-0.11033584511063785
23.925	-76.8606763708599	-0.11031535897430297
23.94	-76.86067892236629	-0.11029819837062974
23.955	-76.86068146641291	-0.11028445246799036
23.97	-76.86068400474711	-0.1102742001792206
23.985	-76.86068653917648	-0.1102675097749978
24	-76.86068907155887	-0.11026443852853504
24.015	-76.8606916038036	-0.11026503239331853
24.03	-76.86069413785926	-0.11026932571549508
24.045	-76.86069667571174	-0.11027734098246678
24.06	-76.86069921938022	-0.11028908860907106
24.075	-76.86070177090598	-0.1103045667626453
24.09	-76.86070433235655	-0.110323761228176
24.105	-76.86070690580992	-0.11034664531450525
24.12	-76.86070949335843	-0.11037317980255501
24.135	-76.8607120970994	-0.11040331293626404
24.15	-76.86071471913054	-0.11043698045687678
24.165	-76.86071736154612	-0.11047410568099583
24.18	-76.86072002643284	-0.1105145996227044
24.195	-76.86072271586376	-0.11055836115986403
24.21	-76.860725431893	-0.11060527724454644
24.225	-76.8607281765544	-0.11065522315739179
24.24	-76.8607309518558	-0.1107080628055003
24.255	-76.8607337597704	-0.11076364906330388
24.27	-76.8607366022393	-0.11082182415571026
24.285	-76.86073948116255	-0.11088242008260496
24.3	-76.86074239839307	-0.11094525908366507
24.315	-76.86074535573773	-0.111010154142271
24.33	-76.86074835494821	-0.11107690952710317
24.345	-76.86075139771904	-0.11114532136991094
24.36	-76.86075448567922	-0.11121517827773357
24.375	-76.86075762039262	-0.11128626197775138
24.39	-76.86076080334773	-0.11135834799276831
24.405	-76.860764035959	-0.11143120634521617
24.42	-76.86076731955353	-0.11150460228742273
24.435	-76.86077065537675	-0.11157829705580968
24.45	-76.86077404457727	-0.11165204864649655
24.465	-76.86077748820762	-0.11172561260978278
24.48	-76.86078098722015	-0.11179874286081828
24.495	-76.86078454245619	-0.11187119250369632
24.51	-76.86078815464597	-0.1119427146661908
24.525	-76.86079182440285	-0.11201306334221386
24.54	-76.86079555221886	-0.11208199423909063
24.555	-76.86079933845737	-0.11214926562665814
24.57	-76.8608031833501	-0.11221463918521746
24.585	-76.86080708699583	-0.11227788084931152
24.6	-76.86081104935191	-0.11233876164431009
24.615	-76.86081507023351	-0.11239705851280024
24.63	-76.86081914930713	-0.11245255512779045
24.645	-76.86082328609366	-0.1125050426897809
24.66	-76.86082747995914	-0.11255432070475016
24.675	-76.860831730118	-0.11260019774023464
24.69	-76.8608360356299	-0.11264249215666824
24.705	-76.8608403953978	-0.11268103281126604
24.72	-76.86084480817044	-0.11271565973181241
24.735	-76.86084927254346	-0.11274622475778823
24.75	-76.86085378695815	-0.1127725921463976
24.765	-76.8608583497058	-0.11279463914115394
24.78	-76.86086295893236	-0.11281225650080559
24.795	-76.86086761263923	-0.11282534898650062
24.81	-76.86087230869332	-0.1128338358052429
24.825	-76.8608770448263	-0.11283765100780038
24.84	-76.86088181864952	-0.11283674383941916
24.855	-76.86088662765555	-0.11283107904178427
24.87	-76.8608914692291	-0.1128206371048825
24.885	-76.8608963406579	-0.11280541446755703
24.9	-76.8609012391423	-0.11278542366570118
24.915	-76.8609061618047	-0.1127606934272063
24.93	-76.86091110570379	-0.11273126871297084
24.945	-76.86091606784893	-0.11269721070342839
24.96	-76.8609210452073	-0.11265859673020479
24.975	-76.86092603472275	-0.1126155201527469
24.99	-76.86093103332824	-0.11256809017988628
25.005	-76.86093603796027	-0.11251643163649788
25.02	-76.86094104557372	-0.11246068467558676
25.035	-76.86094605315546	-0.11240100443631897
25.05	-76.86095105773991	-0.11233756064866879
25.065	-76.86095605642396	-0.11227053718554583
25.08	-76.86096104638055	-0.11220013156343017
25.095	-76.86096602487152	-0.1121265543927065
25.11	-76.86097098926663	-0.11205002877908597
25.125	-76.86097593704743	-0.1119707896776137
25.14	-76.86098086582906	-0.11188908320100882
25.155	-76.8609857733667	-0.11180516588415368
25.17	-76.86099065756727	-0.11171930390677196
25.185	-76.86099551650102	-0.11163177227646981
25.2	-76.86100034841026	-0.11154285397445352
25.215	-76.86100515171759	-0.11145283906639318
25.23	-76.86100992503536	-0.1113620237810516
25.245	-76.86101466716659	-0.11127070955940307
25.26	-76.861019377117	-0.1111792020771487
25.275	-76.861024054097	-0.11108781024359497
25.29	-76.86102869752362	-0.11099684518001822
25.305	-76.8610333070231	-0.11090661918075209
25.32	-76.86103788243622	-0.11081744466030197
25.335	-76.86104242381163	-0.11072963308990139
25.35	-76.86104693141077	-0.11064349392702161
25.365	-76.86105140570649	-0.11055933354139189
25.38	-76.86105584737466	-0.11047745414114134
25.395	-76.86106025729775	-0.1103981527027871
25.41	-76.86106463655588	-0.11032171990873632
25.425	-76.86106898642547	-0.11024843909608434
25.44	-76.86107330836938	-0.11017858522043794
25.455	-76.86107760403509	-0.11011242383854544
25.47	-76.8610818752427	-0.11005021011345971
25.485	-76.86108612398257	-0.10999218784596028
25.5	-76.86109035240386	-0.10993858853590963
25.515	-76.8610945628093	-0.10988963047715893
25.53	-76.8610987576416	-0.1098455178895478
25.545	-76.86110293948028	-0.10980644009147998
25.56	-76.86110711102721	-0.1097725707164097
25.575	-76.8611112751019	-0.10974406697651246
25.59	-76.86111543462832	-0.10972106897663539
25.605	-76.86111959262682	-0.10970369908152039
25.62	-76.8611237522038	-0.10969206133910184
25.635	-76.86112791654513	-0.10968624096253793
25.65	-76.86113208889962	-0.10968630387340332
25.665	-76.86113627257657	-0.1096922963083613
25.68	-76.86114047093372	-0.10970424449130507
25.695	-76.86114468736446	-0.10972215437284141
25.71	-76.86114892529353	-0.10974601143871107
25.725	-76.86115318816543	-0.10977578058849263
25.74	-76.86115747943506	-0.10981140608571832
25.755	-76.86116180255898	-0.10985281158023646
25.77	-76.86116616098582	-0.10989990020344031
25.785	-76.86117055814748	-0.10995255473665164
25.8	-76.86117499745204	-0.11001063785274492
25.815	-76.86117948227164	-0.11007399243074506
25.83	-76.86118401593559	-0.11014244194293017
25.845	-76.86118860172148	-0.1102157909136357
25.86	-76.86119324284321	-0.11029382544869953
25.875	-76.86119794244884	-0.11037631383422578
25.89	-76.86120270360281	-0.11046300720302103
25.905	-76.86120752928196	-0.11055364026686965
25.92	-76.86121242236457	-0.11064793211247104
25.935	-76.86121738562144	-0.11074558705865872
25.95	-76.86122242170619	-0.11084629557224487
25.965	-76.861227533143	-0.11094973523960797
25.98	-76.86123272231937	-0.11105557179092715
25.995	-76.86123799147731	-0.11116346017371774
26.01	-76.86124334269648	-0.111273045672129
26.025	-76.86124877789182	-0.11138396506831533
26.04	-76.86125429879961	-0.11149584784194427
26.055	-76.8612599069651	-0.1116083174038014
26.07	-76.86126560373727	-0.11172099235929812
26.085	-76.8612713902548	-0.11183348779752124
26.1	-76.8612772674374	-0.1119454166014025
26.115	-76.86128323597771	-0.11205639077447685
26.13	-76.86128929633232	-0.1121660227795919
26.145	-76.86129544870988	-0.11227392688490523
26.16	-76.86130169306891	-0.11237972051248239
26.175	-76.86130802910596	-0.1124830255847265
26.19	-76.8613144562528	-0.11258346986392403
26.205	-76.86132097367025	-0.11268068828018524
26.22	-76.86132758024505	-0.1127743242430807
26.235	-76.86133427458564	-0.11286403093233491
26.25	-76.86134105502171	-0.11294947256300542
26.265	-76.86134791960798	-0.11303032562065965
26.28	-76.86135486611828	-0.11310628006212614
26.295	-76.86136189205888	-0.1131770404775806
26.31	-76.86136899466474	-0.11324232720976068
26.325	-76.86137617091416	-0.1133018774263272
26.34	-76.86138341753126	-0.11335544614147958
26.355	-76.86139073100415	-0.11340280718313642
26.37	-76.86139810758995	-0.11344375410213053
26.385	-76.86140554333511	-0.11347810102008568
26.4	-76.86141303408719	-0.11350568341279946
26.415	-76.86142057551626	-0.11352635882619046
26.43	-76.86142816313327	-0.11354000752203705
26.445	-76.86143579230972	-0.11354653305097401
26.46	-76.86144345830213	-0.11354586275043822
26.475	-76.86145115627085	-0.11353794816543732
26.49	-76.86145888131121	-0.11352276539031093
26.505	-76.86146662847058	-0.11350031532980517
26.52	-76.86147439277931	-0.11347062387810791
26.535	-76.86148216927613	-0.1134337420146625
26.55	-76.86148995302749	-0.11338974581584355
26.565	-76.8614977391625	-0.11333873638187762
26.58	-76.86150552288984	-0.11328083967853878
26.595	-76.86151329952682	-0.1132162062935216
26.61	-76.86152106452012	-0.1131450111075671
26.625	-76.86152881347267	-0.113067452880717
26.64	-76.86153654215794	-0.1129837537543219
26.655	-76.86154424654681	-0.11289415866972502
26.67	-76.86155192282165	-0.1127989347047525
26.685	-76.86155956739482	-0.11269837032947311
26.7	-76.86156717692387	-0.11259277458293518
26.715	-76.86157474832184	-0.11248247617284192
26.73	-76.86158227877388	-0.11236782250045002
26.745	-76.86158976574204	-0.11224917861317868
26.76	-76.86159720697424	-0.11212692608775363
26.775	-76.86160460051231	-0.11200146184693593
26.79	-76.86161194469223	-0.11187319691315245
26.805	-76.86161923814863	-0.11174255510262576
26.82	-76.86162647981448	-0.11160997166383019
26.835	-76.86163366891843	-0.11147589186435197
26.85	-76.8616408049893	-0.1113407695304936
26.865	-76.86164788784015	-0.11120506554411638
26.88	-76.86165491757421	-0.11106924630154566
26.895	-76.86166189457225	-0.11093378213944707
26.91	-76.86166881948859	-0.11079914573284741
26.925	-76.86167569323855	-0.11066581047060932
26.94	-76.86168251699549	-0.11053424881385507
26.955	-76.8616892921786	-0.11040493064292677
26.97	-76.8616960204397	-0.11027832159862323
26.985	-76.8617027036574	-0.11015488142355502
27	-76.861709343928	-0.11003506230949944
27.015	-76.86171594354745	-0.1099193072567109
27.03	-76.86172250500694	-0.10980804845119871
27.045	-76.86172903097983	-0.10970170566592424
27.06	-76.86173552430957	-0.10960068469192834
27.075	-76.86174198800205	-0.10950537580529471
27.09	-76.86174842521059	-0.10941615227582235
27.105	-76.86175483922905	-0.10933336892318368
27.12	-76.8617612334789	-0.10925736072621908
27.135	-76.86176761149908	-0.10918844149088663
27.15	-76.8617739769374	-0.1091269025822166
27.165	-76.86178033353802	-0.10907301172543321
27.18	-76.8617866851326	-0.10902701188120495
27.195	-76.86179303563145	-0.10898912019973006
27.21	-76.86179938900875	-0.10895952705813215
27.225	-76.8618057492992	-0.1089383951853595
27.24	-76.86181212058086	-0.10892585887847511
27.255	-76.8618185069702	-0.10892202331393928
27.27	-76.86182491260915	-0.10892696395713321
27.285	-76.8618313416546	-0.10894072607304153
27.3	-76.86183779826884	-0.10896332434065448
27.315	-76.86184428660502	-0.10899474257326922
27.33	-76.86185081080161	-0.10903493354652098
27.345	-76.86185737496284	-0.10908381893551997
27.36	-76.86186398315296	-0.10914128936215864
27.375	-76.86187063938249	-0.10920720455317547
27.39	-76.86187734759042	-0.10928139360918454
27.405	-76.86188411163712	-0.10936365538449036
27.42	-76.86189093528645	-0.10945375897704575
27.435	-76.86189782219373	-0.10955144432754488
27.45	-76.86190477589005	-0.10965642292622033
27.465	-76.86191179976628	-0.1097683786254944
27.48	-76.86191889706072	-0.10988696855628236
27.495	-76.86192607083801	-0.1100118241452965
27.51	-76.86193332398219	-0.11014255223038452
27.525	-76.86194065917049	-0.11027873627050473
27.54	-76.86194807886694	-0.11041993764665257
27.555	-76.8619555853005	-0.11056569704965044
27.57	-76.8619631804504	-0.110715535950423
27.585	-76.8619708660345	-0.11086895814808201
27.6	-76.86197864349175	-0.11102545139080333
27.615	-76.86198651396822	-0.11118448906426609
27.63	-76.86199447830667	-0.11134553194213265
27.645	-76.86200253703149	-0.11150802999282802
27.66	-76.86201069034415	-0.11167142423667283
27.675	-76.86201893810409	-0.1118351486471979
27.69	-76.86202727983533	-0.11199863209038236
27.705	-76.86203571470884	-0.11216130029527531
27.72	-76.86204424154587	-0.1123225778494704
27.735	-76.86205285881708	-0.11248189021271221
27.75	-76.86206156464125	-0.11263866574184034
27.765	-76.8620703567908	-0.11279233772022945
27.78	-76.86207923270194	-0.11294234638483092
27.795	-76.8620881894775	-0.11308814094385056
27.81	-76.86209722390802	-0.11322918157818299
27.825	-76.86210633247632	-0.11336494141959808
27.84	-76.86211551138457	-0.11349490849883226
27.855	-76.86212475657102	-0.11361858765668129
27.87	-76.86213406373034	-0.11373550241129819
27.885	-76.8621434283422	-0.11384519677497226
27.9	-76.86215284569516	-0.11394723701373785
27.915	-76.86216231091849	-0.11404121334331005
27.93	-76.86217181900925	-0.11412674155492913
27.945	-76.86218136486048	-0.11420346456488678
27.96	-76.86219094330109	-0.11427105388167783
27.975	-76.86220054911965	-0.11432921098484919
27.99	-76.86221017709804	-0.11437766860993648
28.005	-76.86221982204458	-0.11441619193402561
28.02	-76.86222947882324	-0.11444457965678888
28.035	-76.8622391423813	-0.11446266497209834
28.05	-76.86224880778016	-0.11447031642567683
28.065	-76.86225847021868	-0.11446743865451542
28.08	-76.86226812505816	-0.11445397300421867
28.095	-76.86227776784573	-0.11442989802076761
28.11	-76.86228739433257	-0.11439522981363079
28.125	-76.86229700049289	-0.11435002228757038
28.14	-76.86230658253648	-0.11429436724094169
28.155	-76.8623161369254	-0.11422839432876847
28.17	-76.8623256603805	-0.11415227088934687
28.185	-76.8623351498931	-0.11406620163362644
28.2	-76.86234460273072	-0.11397042819716645
28.215	-76.86235401644018	-0.11386522855493295
28.23	-76.86236338885126	-0.11375091629978691
28.245	-76.8623727180782	-0.11362783978600871
28.26	-76.86238200251913	-0.11349638113974396
28.275	-76.86239124085478	-0.1133569551388153
28.29	-76.86240043204594	-0.11321000796483235
28.305	-76.86240957533205	-0.11305601583108565
28.32	-76.86241867022667	-0.11289548349020669
28.335	-76.86242771651014	-0.11272894262607497
28.35	-76.86243671423199	-0.1125569501349561
28.365	-76.86244566369712	-0.11238008630128814
28.38	-76.86245456546844	-0.11219895287403764
28.395	-76.86246342035903	-0.11201417104991943
28.41	-76.86247222942488	-0.11182637937021986
28.425	-76.8624809939624	-0.11163623153834355
28.44	-76.86248971550305	-0.1114443941655458
28.455	-76.86249839580685	-0.11125154445265792
28.47	-76.86250703685742	-0.11105836781591141
28.485	-76.86251564085963	-0.11086555546524611
28.5	-76.86252421023286	-0.11067380194371684
28.515	-76.8625327476057	-0.11048380263683225
28.53	-76.86254125581496	-0.11029625126084786
28.545	-76.86254973789725	-0.11011183733914007
28.56	-76.86255819708771	-0.10993124367595389
28.575	-76.86256663681618	-0.10975514383683713
28.59	-76.86257506070122	-0.10958419964513966
28.605	-76.86258347254774	-0.10941905870395227
28.62	-76.86259187634386	-0.1092603519528291
28.635	-76.86260027625404	-0.1091086912685494
28.65	-76.8626086766189	-0.10896466711909769
28.665	-76.86261708194878	-0.10882884627985985
28.68	-76.86262549691764	-0.10870176962088801
28.695	-76.86263392636185	-0.10858394997386135
28.71	-76.86264237527149	-0.10847587008711151
28.725	-76.8626508487862	-0.10837798067681162
28.74	-76.86265935218609	-0.10829069858211776
28.755	-76.86266789088668	-0.1082144050316959
28.77	-76.86267647042966	-0.10814944402869472
28.785	-76.86268509647049	-0.10809612086082605
28.8	-76.86269377477252	-0.10805470074178511
28.815	-76.86270251118849	-0.10802540758976684
28.83	-76.86271131165141	-0.10800842294839127
28.845	-76.86272018215985	-0.10800388505480918
28.86	-76.86272912875535	-0.10801188805926029
28.875	-76.86273815751018	-0.1080324813998233
28.89	-76.86274727450196	-0.10806566933551026
28.905	-76.86275648579343	-0.10811141064033801
28.92	-76.86276579741099	-0.1081696184603822
28.935	-76.86277521530842	-0.10824016033525911
28.95	-76.86278474535031	-0.10832285838490421
28.965	-76.86279439327583	-0.10841748966187244
28.98	-76.86280416466316	-0.10852378666883099
28.995	-76.86281406490225	-0.10864143804031975
29.01	-76.86282409915474	-0.10877008938723226
29.025	-76.86283427232014	-0.10890934430192153
29.04	-76.86284458899193	-0.1090587655212368
29.055	-76.86285505342336	-0.10921787624426471
29.07	-76.86286566948198	-0.10938616160095344
29.085	-76.86287644061584	-0.1095630702673185
29.1	-76.86288736980734	-0.10974801622235988
29.115	-76.86289845953566	-0.10994038064135672
29.13	-76.86290971173631	-0.11013951391970897
29.145	-76.86292112776601	-0.11034473782105106
29.16	-76.86293270836342	-0.11055534774289308
29.175	-76.86294445362188	-0.11077061509267502
29.19	-76.86295636295297	-0.11098978976666123
29.205	-76.86296843506646	-0.11121210272380908
29.22	-76.86298066794464	-0.11143676864630367
29.235	-76.86299305882748	-0.11166298867819549
29.25	-76.86300560420193	-0.11188995323321707
29.265	-76.86301829979104	-0.11211684486257589
29.28	-76.86303114056237	-0.1123428411732807
29.295	-76.86304412072984	-0.11256711778723699
29.31	-76.86305723376917	-0.11278885133118353
29.325	-76.86307047243969	-0.11300722244727861
29.34	-76.86308382881475	-0.11322141881396947
29.355	-76.86309729431582	-0.1134306381665727
29.37	-76.86311085975724	-0.11363409130686822
29.385	-76.86312451539786	-0.11383100509083002
29.4	-76.86313825099766	-0.11402062538351437
29.415	-76.86315205588534	-0.11420221997004068
29.43	-76.86316591902714	-0.11437508141149538
29.445	-76.8631798291056	-0.11453852983458812
29.46	-76.86319377459687	-0.11469191564384534
29.475	-76.86320774385828	-0.11483462214519057
29.49	-76.86322172521444	-0.11496606806982512
29.505	-76.86323570704431	-0.11508570998741423
29.52	-76.8632496778708	-0.11519304459783483
29.535	-76.86326362644431	-0.11528761089090286
29.55	-76.86327754182777	-0.11536899216386844
29.565	-76.86329141347501	-0.11543681788680266
29.58	-76.86330523130174	-0.11549076540648537
29.595	-76.86331898575206	-0.11553056147990327
29.61	-76.86333266785844	-0.11555598362912939
29.625	-76.86334626928954	-0.11556686130997348
29.64	-76.86335978238702	-0.11556307688762504
29.655	-76.86337320020266	-0.11554456641331584
29.67	-76.863386516517	-0.11551132019691712
29.685	-76.86339972585279	-0.11546338317136094
29.7	-76.8634128234766	-0.11540085504574922
29.715	-76.86342580540095	-0.11532389024507779
29.73	-76.86343866837045	-0.11523269763548451
29.745	-76.86345140984524	-0.11512754003505278
29.76	-76.8634640279835	-0.1150087335112133
29.775	-76.86347652160852	-0.11487664646680171
29.79	-76.86348889018974	-0.1147316985178943
29.805	-76.86350113380182	-0.1145743591674206
29.82	-76.8635132531013	-0.11440514627957779
29.835	-76.86352524928304	-0.1142246243608447
29.85	-76.8635371240539	-0.11403340265430617
29.865	-76.86354887959799	-0.11383213305469701
29.88	-76.8635605185407	-0.11362150785231157
29.895	-76.86357204391744	-0.11340225731457965
29.91	-76.86358345914982	-0.11317514711469076
29.925	-76.86359476801067	-0.11294097561718255
29.94	-76.86360597459766	-0.11270057103091638
29.955	-76.86361708331215	-0.1124547884402689
29.97	-76.86362809883552	-0.11220450672578325
29.985	-76.86363902610724	-0.11195062538580869
30	-76.86364987030686	-0.11169406127100986
