-0.0028591490728515634
-0.0337705833793859
0.04078212894523214
-0.045614427469663266
0.058361286804495774
0.05575581875258711
-0.036456543346772285
-0.09789860056477143
0.002442342253251484
-0.024586890073282852
0.06396755366379328
-0.0029426975691534186
-0.06505562013481524
0.009407192322405767
-0.09162464627769068
-0.0046772172471439164
-0.019440675140623268
0.04055134376244918
-0.08349690907764368
0.042236406148582754
0.004639039924051058
0.035570445320427434
0.07766218614915177
-0.0035870562066289582
-0.01911689951900999
-0.004777862227885477
0.09261011686507188
-0.07049602248361544
-0.05665346846683095
-0.019691986343184323
0.04333488125675436
0.06164211752738846
-0.08205557135487039
0.07028798016717568
-0.011694788352739894
-0.08132028547031617
0.06987946853805131
-0.03587102589284452
-0.021732580783815438
0.0949946334788797
-0.044195054125502425
-0.04065701842167316
0.08316799050294876
-0.040155404846555866
-0.07784782806464006
0.005895365733798341
-0.07380428559512767
-0.013642767668269684
-0.0008692265206118321
0.0017851478654467901
0.035928718905455084
0.05201761067494348
0.060850232114793325
0.0087579887281251
0.03292531963313725
0.094520029476839
-0.02404917668118376
0.07000927206946664
0.037381779563461004
0.057971004094686675
-0.055022394538111245
0.060574506374776196
0.07434542929680359
-0.052096759131150444
0.010001288938896513
-0.06353146746197967
0.04452173221383067
-0.04633604932831142
0.0730683369262695
0.04290808331141807
0.018981106289004845
0.03417888948769612
0.08426271384023316
0.04743228736321852
0.04267199049563497
0.009328798214775126
-0.0397557310745432
-0.0926244920386266
0.00209044050411058
-0.09779211665023446
-0.07356419470563806
0.0035861817126987996
0.012973014842217669
0.023208037087795754
-0.09792600892969228
-0.02461749687445334
-0.08908547030445546
-0.09499134575000162
0.04432369559204319
-0.030412897607409086
0.021356400890775753
-0.0876246379939396
-0.05643926784222204
-0.03793667188558572
0.029838398941266234
0.02805736107273478
-0.027472085887579656
-0.055775111229876245
-0.09076442940570613
-0.040143654221306946
-0.08201519496953141
0.02830523170051178
0.02039520869313263
0.00983614170001932
-0.025382310194517956
0.02810136652229538
-0.030526435288115075
0.08835423668373324
0.013699173353917127
0.0064273011936506474
-0.06965328179421118
-0.0543385413141623
-0.05751386782867889
0.08429941535489412
0.07948597539252625
-0.09477142431483619
-0.009254446992247001
0.010006167950760682
0.08032868441293016
-0.024083262415679575
-0.026306390480880106
0.04666046867563783
-0.0922992596231329
-0.09684806563575199
-0.0852068806219612
-0.045111468843696656
-0.08399314878534732
0.07036308444314342
-0.06026107445988465
-0.021260224355845514
0.040049119663510796
0.07673037140899663
0.08360718649697381
-0.08234800621404537
-0.06733361482254696
0.04042355697448033
-0.06174965934607011
-0.018067517131259783
0.05170649958810514
-0.07374676821241404
0.09755516991719243
-0.0490304175074876
-0.08201283591980713
0.008305198684643411
-0.04329023803641783
0.01206019388527353
0.012551588016590377
-0.02295437753115963
-0.03036170789703361
-0.08085365399518257
0.0010394214008327296
0.0718278537771472
-0.026092326311982463
0.03344892912672975
0.07966727261891
-0.09254116552079031
0.012524441402366016
-0.07004362062676046
-0.021539753672235887
0.07596633144667791
0.06441100526462873
0.09452864289325365
0.017903042136211012
-0.008434680208425282
0.08093443172135584
0.01723199053624853
-0.08816935534951745
-0.07439605475178675
-0.07755944859621225
0.08597555573057979
-0.030469583738594166
0.024112597185243435
-0.09294729761461112
0.024346893664204262
0.0942566104803436
0.06969354198834701
0.0684784291090192
0.014627698979048321
0.00402002025734709
0.01369838413634743
0.014694790715952656
-0.03279444811937054
0.07875203295305129
-0.05816929485199021
0.008836824162720714
-0.07191612048457277
-0.05457041398408413
-0.0808220146450665
0.024381649087641268
0.05161718713847874
-0.008941422202108695
-0.06488640418428004
-0.07033687171591994
0.043125159945069935
-0.05956345264381389
0.09120843680177133
-0.09223893936264843
0.06384463841039238
-0.030177346875978464
-0.037618051452927764
0.00824500170674285
-0.04601137666461655
-0.014392340617956823
-0.005985503374353974
-0.01759216845229501
0.040318045486794456
0.08768884655256284
-0.0011254871879342154
0.09964519906195829
0.02268407300220332
-0.02066405080502909
-0.03337527862513854
-0.047522798830835634
-0.0903112967075121
0.09338545627140311
-0.020302073186304528
-0.08989910312387295
0.03971268858436719
-0.05161244006660018
-0.09423667594303207
-0.09066791380335482
0.04263720628509531
0.06579549454715315
-0.060868112940879154
-0.05235115339827084
0.04943066412026993
0.0941264817903989
-0.0730155559825342
-0.04355472313379299
-0.07402870599291829
0.08578505086752677
-0.036315459599522
-0.026316213268661227
-0.08373788231579092
0.05233885774214278
0.09243004604658625
0.08750233041449462
0.029222641033444987
-0.005513568293718008
0.07998968461423642
-0.009716857110286714
-0.02728271642024085
-0.0512284525176395
0.08646890831518453
0.03728670844797057
0.045087749567431425
0.04648726922339419
0.04751683918188152
-0.00020727199338241853
0.0715034384120139
0.022589810868056406
-0.07792009636107262
-0.05819009558977983
0.09036162661659644
0.0616970464130111
0.09766471915206082
-0.04559269367547985
0.08129910640176795
0.05713774245822809
0.0017315997962549458
0.08352180771344409
0.0699654512202054
0.05382541219843576
0.06664378835636749
-0.007214461601718236
-0.026011207556594897
-0.017469053103261346
0.024462159511152316
-0.028798102938007865
-0.004042395522599174
-0.03209865153661484
-0.07883303528881114
-0.013992616303844897
0.04511049750082799
0.06204312141208473
0.06265566014096412
-0.020558450960077357
-0.03268778286818996
0.0006460937780938814
-0.039570225578525166
-0.09978429419996382
-0.09762930752816726
-0.03776690839360444
-0.008134668711164484
-0.09111188512983688
0.015292796114258912
0.029360901252318074
-0.0953436179504712
-0.08415618533268937
-0.09789131745494069
-0.09121998086374138
-0.034793000790329966
-0.034793319928371605
-0.04440592184066956
0.09976277697388342
0.07013885717726835
0.0028967292990615514
0.010159819311049879
0.06998301855164964
0.04389910657129153
0.007171322564953675
-0.06789701769604779
-0.00888689298136085
-0.03740485368773268
-0.05053282522555343
-0.0425537813280632
-0.06817648235443734
0.08048343126317531
0.0250138220900765
0.0017718796787714376
-0.04220874479869274
0.07340876193430938
0.09810460156482144
0.06324127655750149
0.03431534473806748
-0.08454668692414372
-0.04957514663837559
0.0822584314310074
-0.07112566893299124
0.051823741600263644
-0.04052226706060447
-0.04489104162948139
0.07497928613804712
-0.033280226439080886
0.021856074204253197
0.08553485045435645
-0.09616619326268908
-0.08461163553440337
0.049332157223472575
0.0590824044747115
0.08625698558836487
0.013391929686938742
-0.07097348109710354
0.08690477388418244
-0.026280931222448435
-0.09863549285950152
-0.0737758397134416
0.03414389241910345
-0.03980048799397493
0.02713388163783157
-0.06076346217349782
-0.04589660577701942
-0.04252225628612227
0.026728250690238254
-0.06306418499440003
-0.003319233360655405
0.08750649082115065
0.017443305760684515
-0.05404506314063604
-0.0008070341043953989
0.039811787565368295
-0.022337079552970797
0.0215247109933749
0.025539177830022908
-0.09181272136283161
-0.00893035254026966
-0.03487082292125119
-0.025016548693684193
0.03018427212109094
0.03775693347433711
-0.008938560848296629
0.007324175573171488
0.019576301608386262
0.07493315994988117
0.06663861538630438
-0.036303795546798946
0.009720805987352766
0.07924335785740354
0.008926411456832551
0.025157826034368693
-0.08094127216209093
-0.07847148869499497
0.04780754571375612
0.09427322583579018
-0.0406709327113179
-0.057611212433364895
0.0664453287847921
0.08649817556381048
-0.037762784124193385
0.019999449287571382
-0.09831520779000674
0.0105679701299378
-0.04803879320975582
0.020641759126708337
0.004033281258460342
0.04832380140540522
0.08183232863348265
0.07378664038007265
0.0461425910473082
-0.046856345632780766
0.008461134751028254
0.0021033816719134625
-0.09907472724030675
0.03758880220896743
-0.04737768785030645
0.03424933372980448
0.06559288334437396
0.0076102629838798565
-0.04006837081412354
-0.05167936234962714
0.022688605205165538
0.039181276819254186
0.053360062533701624
-0.07445595687653471
0.06586279200043865
-0.08282570991967231
0.09158912788858707
-0.04708451985146587
0.04230006608629555
0.06998520064103278
-0.06174206136867238
-0.08463417496709882
-0.030217735926503498
-0.039836983165831175
0.0913284211806857
0.05894805626628657
-0.038620030837219765
-0.03465238559450436
0.08686500613322307
0.026534204053274824
-0.09206207191802261
0.03546025768878756
0.00775324500219492
0.028055754888433083
-0.07215088777087444
0.01943174193899271
0.06269273024462572
-0.055994292909730264
-0.0757314881582552
0.07083760685543279
0.04548066178697692
-0.002940511000471169
-0.05896222797862208
-0.03415119325857217
0.07661747551429654
-0.019769321376495785
-0.05760391310426197
-0.014968495537794002
0.0815543241350738
-0.05747040020856318
0.09557733448748135
-0.017145931851429274
0.08290443502174481
0.02857921977918343
0.05631546934047123
-0.026552733552330746
-0.03450281375255071
0.02580124565794799
-0.028470310100460507
0.05361830868402358
0.08665867853522756
-0.03774440349263606
0.015784632748538252
0.03483182132015457
-0.09914731795874837
-0.05812846685006088
0.017674831811075365
-0.025717326714027468
-0.059771213113030755
0.0996434150034586
-0.07552849127692736
-0.007062796292332019
0.08639147732437454
0.06780082423317406
-0.01580517848782246
0.05990901013947969
0.0831040222446565
-0.07917434894564722
0.05256390026321714
-0.055373745054066295
-0.049499952499393055
-0.04709949765046844
-0.08130607110480513
-0.053158423152508585
-0.024015295970779296
-0.038687790625545886
0.0738539158972936
-0.08051719546816632
0.06409997012988926
-0.02161175341801762
0.04115026434713296
-0.07023325505492149
0.09807586917675182
-0.04248788843343348
0.03111566519748328
0.020719793888368088
0.08371620348591811
-0.008257748718410252
-0.02350537822165344
0.06591494045504831
0.08230756234794799
-0.033864939724940916
-0.08148643145109796
-0.03465394370241799
-0.0652120371213921
-0.0009569982159884916
-0.0011578915255175738
-0.053883621493815606
-0.01598874931357881
0.09110656426023436
-0.03832253416247933
0.021956434803995298
0.034827088671228926
0.004212604528571751
0.04661459824373169
0.045569929581828816
-0.043822003641301205
0.018448413570441868
-0.03004101102280257
0.05131229006577285
0.01969236774275096
0.008729753524852769
-0.0628551976988915
-0.006499331792937647
-0.06787677613619074
0.03292931426650525
0.06403119067501897
-0.07191678530351471
0.027744296960496184
-0.0030237291369133337
0.0026666544513755056
0.05955731280129202
-0.027455599536113297
0.041294910700313374
0.04871629991102751
0.07439012544923239
0.011627402524055787
0.03628174236131532
-0.08057769461403047
0.09794123408790517
0.06600783250063147
-0.09935373182452448
-0.06144663147116876
-0.055679330458738276
0.008595110817863683
-0.09180615092561686
0.09596863478769926
-0.086573394239635
-0.09224648364941782
-0.021116926631206526
-0.043263588746684484
-0.0952273652277989
0.025104718800796857
-0.09340568504543714
0.031595385723637695
-0.06783074562619933
-0.03261280556725445
0.022533848683790537
0.08641582375806656
-0.02491016821914256
-0.0783061929818088
-0.07897877038609075
-0.09162007475884404
0.06482584571414067
-0.044594035540730916
-0.0489502968750458
-0.09430912864676025
-0.020563944840765916
-0.06493042840865386
0.0538299321922128
-0.04575536519927686
0.00438280888544993
-0.062476758715818904
-0.07701015278725683
-0.07582053158542595
-0.037868245146643886
0.035260294149161674
-0.06083319174448967
-0.06729414745574017
0.06166187212976651
-0.051030697705465006
-0.03352402285687779
-0.04769829533763801
0.056422147770881996
0.08670049339564496
-0.026709219915722972
-0.06692698517779538
-0.05844679044872994
-0.03504864559408007
0.06474595447918237
-0.0664412987033062
-0.02696898056398749
0.0674539154435605
0.07295530989534722
0.08399660116032473
-0.06949806028158965
-0.009881912837874651
-0.049542548925615965
-0.0070150256828307
-0.0154115721504271
-0.07479087522032853
-0.05785402962054969
0.04282432609730496
0.01197141754515112
-0.0713130216479173
-0.04376270864343828
0.015935627520955144
0.09365237946322913
-0.07531823578218799
0.09389533023845771
-0.08070267136180398
-0.05322653184424402
0.055929839646391914
-0.06858992730179536
-0.0896888301123239
-0.018631712436039515
-0.023922961590909522
0.02248897943520132
0.09075664291893185
0.04643463897977354
-0.09953981870061127
0.0356562964846737
0.09366916015061744
0.03880757935952457
-0.02908736782170762
0.05667156373300384
0.08825065532940074
-0.06568246544138093
-0.07528616502235695
0.0881160540676894
-0.05972488001748904
-0.03886345578989103
-0.01446206243974011
0.09148643848460286
0.021485564551325578
-0.08368246347118045
0.04623173606738665
0.007167347834719263
0.048826667127031834
0.038553619844743016
-0.08815166696296327
-0.09678709781030395
-0.033525371725783695
0.08631941181932992
0.07030339576517455
-0.05587864687099438
-0.007432538119572874
0.0715250982588393
0.09450522557140945
-0.008440280711561022
0.016157759787655126
0.044740013659172684
-0.027064948516476187
-0.08223031060169794
0.07881108306620632
0.03417962121834877
0.04618084071067363
-0.06925505371343847
-0.023648854188628523
0.003554357197331415
-0.012479680731018617
0.05811253744159353
-0.05254546351767053
-0.004089253365183332
0.04098155920945317
0.010577874413814126
0.005377498664364655
-0.0004888655044215984
-0.027884424747206718
-0.00984791661475275
0.09963237753937865
0.050383585343567155
0.011006753197030018
-0.040962830156492075
0.05759995517360564
-0.09152857092161884
-0.01104502344655045
-0.0469347086542232
0.0736714104832871
0.002463969212785333
-0.0020846040125138466
-0.05815850942971634
0.03373987997320356
0.040483623489828174
-0.02349238509949263
0.038698950232115385
-0.08180614317126196
0.03867109128512012
-0.04385803909785744
-0.011264315251223024
0.013663276144515013
-0.008898504941626584
-0.011813298523397542
0.030887813673792987
0.06612735881099203
0.0220677779167207
0.0816595912429889
-0.053890766013141
-0.017597925855890706
0.049842043911809686
-0.06692866926421766
-0.09679810056306262
0.06592215911045862
-0.05018867268628986
0.07031713635562942
-0.0759940231584345
-0.07638988332341326
-0.06128332324546926
0.0762766306767345
-0.09552866492929146
-0.03744106358348609
0.036622151643886006
0.06857949895347297
-0.021147221267809393
-0.02827977752535911
0.033393146799983196
-0.08275234779319343
-0.08590417385538568
-0.029096530113761877
0.04045150713092243
0.048771870397965204
0.0371082117144927
0.09570964374684157
-0.029469064595609717
-0.030055824557907274
-0.07861175246058938
-0.007861241123438978
0.00881649854384623
-0.0734571578517917
-0.07681965898433925
0.06171000537847396
0.09773318477686216
-0.043247505677970734
-0.020556082954029532
0.03010457630258272
0.008440358204870614
-0.07068419765619818
0.045198675307469266
-0.043860155079173783
-0.032902949032555064
0.08075786118444667
-0.010816568892580359
0.03189174381587483
0.007747120276522246
0.0665420104052676
0.01945065260650134
0.01765485675125551
0.03625796343632439
0.0635204073739521
-0.09207330902837381
0.09977930562949787
-0.09094989185285254
-0.03751907121370444
0.06868128620459313
-0.06400616442599034
0.010742488618924151
-0.060886820070669104
-0.04723225979770765
0.09193374363545753
-0.0013193428006819108
0.03559804151495305
0.010593454718357443
-0.008168088318856582
0.06348251058426722
-0.07937901465785911
0.048848343400354245
-0.003024295353341211
0.058151616149880785
-0.09613810233890092
0.04415180238212733
0.020712602501826983
0.05412188915653174
0.027847678460818415
0.07458703273439374
0.021598830958059968
0.07879693047456421
0.054845522800753256
0.0075564462285187435
0.028843533577038994
0.01906892048843574
-0.014328333619045397
-0.031770304812848905
-0.09147584544762535
-0.08469088984795042
-0.037034348621879425
0.06305414625298288
-0.05852122112084697
-0.029870012852751416
0.029768442209887305
0.09480756566327293
0.07436344555500272
-0.08979585138835172
0.0029356361827951984
-0.06998027095530733
-0.008276694241201499
0.08767885055684302
0.003926090617530864
-0.08246862616918978
0.024494964037604608
0.011167199452548716
0.0739357331090309
0.038922326265714305
-0.04945077876033746
-0.09625230737860746
-0.05107740525944937
-0.08527203738080558
-0.007652704986230718
-0.08323091093387136
0.04814619327700172
0.040479278755849585
-0.045146223347261975
0.07826133298470457
-0.013990727559062943
-0.05549846002603212
-0.006998645577060359
0.01230414930107009
-0.03979665026820389
0.028516820965121027
0.0828513104886834
0.01100125477701197
-0.08878337941912613
0.08185894614212717
0.04813335359725493
-0.043389016302228314
0.06158993654404421
0.07672737346050061
-0.023664755763527848
0.07080136740432592
0.004243930729617196
-0.002949411321623563
-0.043856945859032194
-0.04973833406921751
-0.08140127203018471
-0.057228823393814965
-0.09957635157229322
-0.01953443342459531
-0.09636115958007765
0.038337595905011096
0.002177099317855502
0.022447582683240565
0.021687271256942788
-0.01584644791466392
0.007685173761390019
0.008070951854304776
-0.08435707925472365
0.02509861357884291
-0.08662491042663856
0.09322960289039238
-0.06635083357679075
-0.020829664993759246
0.06280302214410512
-0.03314128775998344
0.06912344266760871
0.038815131218175924
-0.026703171463676557
-0.01099289943837838
-0.018122536380824884
0.07358818676646757
0.04423221693980102
-0.07513799027073467
0.0315669506427168
0.006017984598856341
-0.009484060463338207
0.035690288398350443
0.04228396715952387
0.026825097295646663
-0.09176131594882647
0.088096295358551
-0.029518644961961462
-0.05174288881655027
-0.07510813194660947
-0.069638209117306
0.09473178949373753
-0.003590611335265148
0.06888883663145084
0.022178049778594167
-0.01602381973121223
0.007305182567083035
0.04710881638428144
0.031152850705216076
0.023811150386843095
0.029916948969809322
0.08472011980746563
-0.07892139859559927
-0.07222675115125395
0.06297433380071978
-0.03972012502145317
0.00825618332728757
-0.09407005033253997
0.07206801215410023
0.051384026640095386
0.05824424064514666
-0.02180257184016057
-0.011839389700003889
0.014132217301079653
-0.08850146948671447
-0.04956857022774108
0.02034815506507579
0.063506897561403
-0.08201906248639435
0.02839310727671314
-0.09989606260083272
-0.04064940067761529
-0.03477756818546283
-0.03278592515762058
0.07923256353276874
-0.06009683874469829
0.07091273855553047
0.028376310770756464
-0.038019705287160394
0.02075150532442196
-0.08499086515300235
-0.02976200306321504
-0.04360148810409519
-0.07543628739180148
0.02587218680755159
0.08684743843729388
0.023764931486206467
-0.0724612803758435
-0.0250676359598256
-0.0035091790516155186
0.008342894906701304
0.03110572826545384
-0.07550387081459409
0.07973715004970053
-0.021774347532077742
-0.03884559752786232
-0.01979311697405848
0.019544301869996297
0.03483811465256803
0.09557310732993846
0.00846681020122606
-0.031876385379398096
0.05440540665258378
-0.029607470938605874
0.006341469074893524
0.0660655600053115
0.02683027963081455
0.04873740478649289
-0.09455731263015617
-0.08602618560032714
-0.0002001276053183787
-0.07862505633118322
-0.09686254075745847
0.043194185361689334
0.050174608791610446
0.017398720208705587
-0.07241501307578489
0.025482729487875135
-0.036211153785584926
-0.03785604887087013
-0.08860859994193451
-0.09546590392172992
0.05211064101323451
-0.045948375062577276
0.02386790165995034
-0.013009722310034234
-0.012817716624311705
0.08260572660319127
-0.03345827565570789
-0.04381706950750659
-0.03674250559059185
0.010211689273405655
0.04978049254548931
-0.07570507210871513
-0.08976150490485556
0.05053700386263276
0.01853709378858288
0.04720698756883342
-0.08800096758991933
0.022995254357339557
0.02205303003059016
-0.0782796595331563
-0.009193596443751373
0.0825891100835111
-0.003009501134896864
0.09655947514902681
0.07875129975739018
0.057235179616034686
0.09611429483543073
0.04068298443510119
0.025513185328836174
-0.09508945013298296
-0.005072146772761289
-0.06222677306048255
0.08421107175544576
-0.09755740885698141
-0.07416509757818206
-0.07354871248293642
-0.08670615394198022
-0.09417465945807489
0.007464000197231835
-0.009895159196323267
0.017073906760377656
-0.03332145948443097
-0.05839745578364335
0.033170744164398115
0.04576454453561203
-0.00723869275337341
0.0062529533564751995
-0.075164991274278
-0.02421730735889449
-0.051677972532722195
0.013093278051683433
0.08691436105478806
-0.07352755321634592
0.0028970807895631005
0.03204252052164685
0.09270994412998995
-0.023314589155908963
-0.06625457965754648
0.054466389245232706
0.09756520685090253
-0.09469871609141896
-0.02848316334762804
-0.08256278127102933
0.08024403089006596
-0.041641117633395425
0.03234377334572365
-0.00911376181744541
-0.071186074572134
0.0722087144734378
0.06520916109710857
-0.046522593441573216
-0.05935492159112901
-0.043974724397845624
0.029612027562151023
-0.06568728499849943
-0.0916765949111058
0.08948028522798364
0.000722528781482179
0.09677574089705893
0.0186962071691573
-0.0007413694060173448
-0.0474888273328161
-0.048239103295733714
0.0775146401385205
-0.01993361269943872
0.09416639148881362
-0.08091469911459313
0.06018432065405297
0.07677868440307267
0.028600119913446333
0.029124542011693857
-0.01570846380703719
-0.012426859165271998
-0.002259614261190368
-0.007564329509693879
-0.084784349182014
-0.08378140080489112
-0.09575993471118732
0.06873237765635212
0.028020657091395496
-0.07084557430918444
-0.008279320757856956
0.0719039587035644
-0.024178180759721314
0.07341763331628108
-0.042181213745223545
0.04186367035714862
0.0046393530457255585
0.019219086517565966
-0.03782464601225582
0.09973761729112281
0.04274656287598253
0.06619147443854621
-0.00426459346707766
-0.009472845747276849
0.012618963133507589
0.02110130192524533
0.04716899413884055
-0.02619059293872459
0.046161444679389166
-0.00010627947255188453
-0.007034518704859849
-0.02419868662524607
0.04423968830378331
0.04428006215929692
0.04576443839132094
0.09233879528924067
0.06871964968070064
0.04095743434927615
-0.06828689734995308
-0.0673725824370341
0.021226977819554984
-0.06238335005480775
0.03309930424583487
0.035160888259069094
-0.012023198708675143
-0.0045330111350248
0.09940613101307455
0.012564677381800893
-0.011072373311496353
-0.0007816788577825307
-0.03703917766160752
0.002765252990135947
0.04788930893394397
-0.09990220618156985
0.043499808180615496
0.0924930513677412
-0.06850664406680806
0.05531501166961492
-0.02081886901960708
-0.057627294981974546
-0.020376767085731065
-0.06239138202270644
0.040431848968814244
-0.08571077002122332
-0.06947306437230104
0.053841498250860244
-0.09930089762869364
-0.08083560192847594
0.08534981528881512
-0.06335124796543612
0.015632754939692184
-0.07353792106094752
-0.011015688857018091
-0.03576357203215941
0.008314386651854511
-0.07832805616231685
0.07139006559879704
-0.03677060507777781
0.0021518221927739225
0.00731354789757468
-0.08858061932627166
0.08431139480398726
0.055736867225353454
0.04953855264749185
-0.06501868516312258
-0.09656400976667508
-0.015021355217236644
-0.05988136584518022
-0.0041050585460934656
-0.054342243864736475
-0.008993260546309712
-0.02254293902960565
0.05171570888672927
-0.07804318767611394
-0.045408447097073396
0.03813149812230972
-0.07570390014342276
-0.017493601073618015
-0.005221899966145882
-0.03833240767237758
0.07604767775994842
0.09162417199525992
-0.017740203860301753
-0.07378860980263031
0.03754089165118764
0.08021545879081203
0.04625445364040903
-0.03801420872997832
-0.039869933137499425
0.012951671859307679
-0.04091064842706276
-0.061181479505722836
0.030668043468942276
-0.04029879858721679
-0.06641722406797333
-0.06005345306806125
-0.005488356249322157
0.09058893374371424
0.014152486387405317
0.05914632922856065
-0.07337066884889847
-0.05667541279844626
-0.09064135812343865
-0.04511202587827956
0.0661133312460529
-0.07576183353740801
-0.018956205137935146
-0.08895224623078996
-0.055320033136052875
0.046540901858874766
-0.09512084666735349
0.06935008493979637
0.0711597246082278
0.09963175156868105
-0.0791565801735612
0.07867375446539931
-0.01340464724926127
0.049266987746190566
-0.05184247773924966
0.028991530484260775
0.009011986520657577
-0.0516209685774522
0.04354214927631515
0.0160020159487253
-0.03983310347318669
0.06526854521972272
-0.011496241739618185
-0.019260630924140012
-0.012340239459166248
0.0233170392786636
0.0204946007274915
0.006119601717098711
0.05682995672478586
0.07170757588009194
-0.0040576814367200955
-0.027938024846125044
0.00027895995922539997
-0.07588333215223574
0.00909415983031816
-0.025081646761967447
-0.06313460825987893
-0.038093801451753076
0.049218600792224045
0.01886091790814559
-0.01869624732017563
-0.008180210966348645
-0.06976688387955621
-0.04152438305080226
0.0246691039524817
0.09079508103564776
0.0688993467451725
-0.02402825303398397
0.0678827860102702
-0.08134347273232306
0.05226928592636453
-0.05476383448259084
0.06172817000483404
0.04044865177743291
0.07303441969009077
-0.030867296876173
-0.07324948306668909
-0.08578460818550693
-0.09850055410260526
0.055196692462197744
-0.0011512220357806858
-0.0006969491783173965
-0.08237990789279902
0.08258099334032601
0.007955330698628993
0.0827123446319582
0.05211478230606925
-0.0198637355768307
-0.09875806989422437
-0.09170204470907298
-0.057507371615117764
0.05955167601791716
0.0754903627387094
-0.04514685040576101
-0.01710669142011838
-0.021639259852769755
0.09673072016053963
0.004111518252150548
0.0521725373569713
-0.041474115801217605
-0.049878859449702474
-0.04198792128764026
-0.09336918142880056
0.0034658535203389465
0.03102738560060696
-0.09634374457715
-0.0859811123966725
0.0037101074937914815
-0.0599533711196103
-0.0938913314994827
-0.0699306797035376
-0.06961584034251725
-0.018033111991839545
-0.09977178503891855
0.005752743725591803
0.050428353673953645
-0.01333407558386539
-0.018942214324753206
0.02139237488988819
0.02371805882940783
0.009467650183579446
0.023126091485047073
0.05599596001531207
-0.05849670717858091
-0.07758896629615633
-0.050219767934727294
-0.08531479910046058
0.0441875089064753
-0.07925799071227067
0.054946039044852846
-0.0027052435219388385
0.0992553690989845
0.06064809568140253
-0.08409747444374377
0.059256953596805585
0.06710479301001296
0.023807263035578164
-0.02990185580657774
0.0024581728671332573
-0.00031087401424358954
-0.05852752716889867
0.03324069393648479
0.013205943860858316
0.010454606836408021
-0.07012225309628924
0.0043009376539715925
0.014718683602083438
0.041564363255493536
-0.08361707494351829
0.09697476004683746
0.07885175824555364
0.037616063379829125
0.028051542010894215
0.08126599763612613
0.04312530713407288
0.057526124130964675
-0.03298298053428974
0.00704832454453368
0.09347370644480418
0.06449403220806992
-0.023020002404344143
0.06368313335192691
0.057297921500282456
0.014330152841531163
0.09526741702509499
0.062157706285170325
-0.0031490543242068906
-0.031109409501947783
0.09995105299736787
-0.03388348997258435
-0.09308817027390358
-0.03664428814724126
-0.047588320273830934
-0.022271112224532843
-0.0168726805836541
0.07036429377541689
-0.07729143288750984
-0.0625080524853904
-0.0354103883994795
0.0742752529515621
0.009862864558555407
0.010917581011628253
-0.07144228528195869
-0.03291664729880868
-0.09380690266438303
0.0052347117454150105
0.02644229821810562
0.09204429205281822
-0.044122435443958
0.062195415964690116
-0.006255701065854647
-0.027718513019246684
-0.06288094248353873
-0.008833223377411504
-0.014339443315098245
-0.04582717107007897
-0.04247672036621513
0.05594479389275029
0.08408602914368171
0.05255566380935428
0.07401276573989235
-0.03423304118493227
0.0975809814330547
0.08538464203643033
0.020010269996125676
-0.034134796662790116
0.06668335412250741
-0.01080825773538332
-0.004444691050500227
0.007700984578910175
-0.04022591003713334
-0.031913171562058064
0.034077443039944956
0.0396349468986871
-0.06610247604941613
-0.05422652423425265
0.05660464743738119
0.015316941088466908
0.014664469104767264
0.024341107222798232
-0.010559605259042027
-0.038895761041917436
-0.04363643272561686
-0.031994976212012506
-0.046766413726621894
0.04349417158586802
-0.05970147972993822
-0.028280915299021506
0.03900005318045512
-0.055485972524319485
-0.07675596814217918
0.03242863270371834
0.06254689775231674
-0.010936053172007255
0.006202803785499045
-0.05832254017961152
0.07908844832091436
0.028992403100013234
0.018247000364317856
0.0679579499774301
-0.037656821131925436
0.027829977680355403
-0.09227343694681811
0.09217625690330006
0.08659751573945998
0.03119427994196271
0.008251069829273617
-0.06109679785973748
-0.08013188097951587
0.05688568096696809
0.009837569716078676
-0.017084728664095338
0.031836084649159394
-0.0163658161077064
-0.0678589602346119
-0.0735252961963198
0.03040289256772102
-0.05102645933025332
0.013581148081593764
0.0034957612511661742
0.030044073718215405
0.018720602250379813
0.04580499317729987
0.010063130324128578
-0.03497021651245498
0.06159440843549451
0.020844016340924032
-0.09541448113298251
-0.04001141790794427
0.015833595102162645
-0.081649673187701
-0.08232134612463154
-0.07639908231630495
0.04372680804213385
-0.09876416094920121
0.07155013306681478
-0.01556227227529834
0.09911206111194347
-0.06541771608911869
0.064746144199332
0.011998925144335183
0.017453802925982576
0.08233607642183266
0.06950673820830865
0.07476333706386869
-0.035955481582421456
0.07591218961983036
0.055430479970561435
0.07281695596052958
-0.036657564944777433
0.06504225570801432
0.061313115996691495
-0.02137125718836588
0.011742535393493281
-0.08016502150916015
-0.055085127819635954
-0.0012280243326252107
-0.012501654941557527
0.04300794259135139
-0.04424193076151357
0.02037939421668238
-0.013582147021715186
0.059155260432020684
0.06972252452287701
-0.07490700804752684
-0.0297336891264691
0.013620530744923798
0.08668767809213827
0.014185371415398152
-0.05357146836759812
-0.03698702492326507
-0.03730998087344752
0.06749706240480609
-0.02973524342649756
0.04465834876957669
0.020375121709946153
0.022106694455650278
0.07687952579524118
-0.09425451888427028
0.029113353048348767
0.03251603871168007
0.012457777923387738
0.01957019264564517
-0.008446121569424437
0.027498129524000617
-0.05641018167113701
-0.042394024798215836
0.01590239028602616
0.07283994050106024
-0.08815712823882792
0.07230493396159332
-0.09825066078166458
0.08803947564123825
-0.0034643684150263976
0.09971338228491744
-0.06814018273432705
0.05882551495035
0.08149044397448457
0.03532412289597069
0.01044876184734278
-0.08481715079255787
-0.08915847372638096
0.04385630448156435
0.04789370683404037
0.009265201890420505
-0.0013846267945556434
-0.06293589211628002
0.0389168027646615
-0.01136804089048198
0.023166765393859336
0.012782876717467763
0.029083066245408108
0.08333864799026412
-0.042796546724714314
-0.0963353264226409
0.040470756149046855
0.08932459293960507
-0.04713718570219286
-0.07458274418741677
0.007434300695929697
-0.009060606055196053
0.07567559388047745
0.03885242479469127

