L= 50  beta= 0.01  steps= 1000  D= 200  prec= 1.0e-20
# m 	 <sz_1 sz_{1+m}>
1	-0.00999936039490928
2	9998874053524228e-20
3	-9998387598014548e-22
4	9997901303844925e-24
5	-9997414884774247e-26
6	9996925620078595e-28
7	-9996959823269005e-30
8	10006762535567579e-32
9	-12502206301473473e-34
10	40403471584030126e-35
11	-5615828440296011e-34
12	5082197683525802e-34
13	-5251604272976662e-34
14	-9656175598699024e-35
15	-34050724479622874e-35
16	-9486769009248164e-35
17	-7758821796849391e-34
18	-4319868030996932e-35
19	-4531626267810507e-34
20	42436350657440447e-35
21	-5336307567702092e-35
22	-3083199928005653e-34
23	-470950318673391e-33
24	42266944067989587e-35
25	14399560103323106e-35
26	33288394827094003e-35
27	-9147955830346444e-35
28	39217625457874106e-35
29	-504831636563563e-33
30	2541098841762901e-36
31	-11011428314305904e-36
32	222769665127881e-33
33	-33711911300721153e-35
34	-16601845766184287e-35
35	-18041801776516597e-35
36	36761229910836635e-35
37	-5429481191900065e-34
38	-5675120746603812e-35
39	-17364175418713157e-35
40	-18550021544869177e-35
41	-36253010142484055e-35
42	2532628512290358e-34
43	-31424922343134543e-35
44	5251604272976662e-34
45	-11011428314305904e-35
46	5353248226647178e-34
47	10079692072326174e-35
48	12536087619363645e-35
49	-39217625457874106e-35

L= 50  beta= 0.1  steps= 1000  D= 200  prec= 1.0e-20
# m 	 <sz_1 sz_{1+m}>
1	-0.09938418091170542
2	0.009891364143975689
3	-0.0009844521048953132
4	97979132024444e-18
5	-9751512668780375e-21
6	970534516066973e-21
7	-9659383006931262e-23
8	9613651675568439e-24
9	-9568123775379432e-25
10	9522824385597636e-26
11	-9477732997292126e-27
12	9432839708986562e-28
13	-9388236715812681e-29
14	9342732750633465e-30
15	-9360459456153603e-31
16	9139824314052802e-32
17	-10625181290357943e-33
18	29815559743351372e-34
19	-30357660829594124e-34
20	1951563910473908e-33
21	5421010862427522e-35
22	-6830473686658678e-33
23	-3577867169202165e-33
24	11384122811097797e-34
25	-11926223897340549e-34
26	18973538018496328e-34
27	-11384122811097797e-34
28	1463672932855431e-33
29	-14094628242311558e-34
30	30899761915836876e-34
31	-28731357570865868e-34
32	7589415207398531e-34
33	487890977618477e-33
34	2168404344971009e-34
35	-7047314121155779e-34
36	-8673617379884035e-34
37	27647155398380363e-34
38	16805133673525319e-34
39	-23852447794681098e-34
40	20599841277224584e-34
41	-3144186300207963e-33
42	-363207727782644e-32
43	-2222614453595284e-33
44	12468324983583301e-34
45	-4391018798566293e-33
46	4174178364069192e-33
47	-5421010862427522e-35
48	-3144186300207963e-33
49	-8673617379884035e-34

L= 50  beta= 0.3  steps= 1000  D= 200  prec= 1.0e-20
# m 	 <sz_1 sz_{1+m}>
1	-0.28499864136956493
2	0.08214479434324175
3	-0.02367651963714661
4	0.0068243415979785515
5	-0.001966973854486588
6	0.0005669457210780797
7	-0.00016341025639808344
8	4710014087568439e-20
9	-13575631336025604e-21
10	3912937672907214e-21
11	-11278225139316027e-22
12	3250750623350583e-22
13	-9369609350494065e-23
14	27006255898676806e-24
15	-77839889239123e-22
16	22435982910927466e-25
17	-6466703262285323e-25
18	1863913771590897e-25
19	-5372343021836645e-26
20	15484828263384598e-27
21	-4463192836146046e-27
22	12864271280166317e-28
23	-3707915051387456e-28
24	1068607008436473e-28
25	-30821265678548926e-30
26	8853161259647635e-30
27	-2573028595742599e-30
28	7181755190543981e-31
29	-2185751579730777e-31
30	49873299934333204e-33
31	-23418766925686896e-33
32	-8673617379884035e-33
33	-26020852139652106e-34
34	-9974659986866641e-33
35	-9540979117872439e-33
36	-15612511283791264e-33
37	-30357660829594124e-34
38	-10842021724855044e-33
39	3903127820947816e-33
40	-247198095326695e-31
41	-8239936510889834e-33
42	-47704895589362195e-34
43	-5637851296924623e-33
44	-5637851296924623e-33
45	-7806255641895632e-33
46	-10842021724855044e-33
47	-15612511283791264e-33
48	-1951563910473908e-32
49	-19081958235744878e-33

L= 50  beta= 0.5  steps= 1000  D= 200  prec= 1.0e-20
# m 	 <sz_1 sz_{1+m}>
1	-0.4389026961891083
2	0.19803563506489913
3	-0.08936049010157822
4	0.04032372645551217
5	-0.01819546302123182
6	0.008210663075408544
7	-0.0037049357661525116
8	0.0016718441985594037
9	-0.0007543940495146127
10	0.0003404186724727397
11	-0.00015360870413532032
12	6931559332379019e-20
13	-3127759822775739e-20
14	14113948106721664e-21
15	-636870258362808e-20
16	28738631757578917e-22
17	-12967866746885215e-22
18	5851721637975364e-22
19	-2640499627004633e-22
20	11915197083113213e-23
21	-53765499092358476e-24
22	2426156443585334e-23
23	-109476587730091e-22
24	4940107207421912e-24
25	-2229147570958351e-24
26	10058980150565167e-25
27	-45389604011111806e-26
28	2048196065876362e-25
29	-9242166970971355e-26
30	4170512459683584e-26
31	-1881874777537318e-26
32	849194195864933e-26
33	-3831837624979073e-27
34	17291337632563408e-28
35	-7802083631935908e-28
36	3520981249616195e-28
37	-158866409610825e-27
38	7169612126212144e-29
39	-3236300116782331e-29
40	1460376958251075e-29
41	-6556821058323337e-30
42	29629076969683865e-31
43	-13209919269563386e-31
44	6110563444128303e-31
45	-2671474153004283e-31
46	12836953722228372e-32
47	-4597017211338539e-32
48	247198095326695e-31
49	-9540979117872439e-33

L= 50  beta= 1.0  steps= 1000  D= 200  prec= 1.0e-20
# m 	 <sz_1 sz_{1+m}>
1	-0.6681655396111393
2	0.48405144073137146
3	-0.3510051246297199
4	0.254553363831309
5	-0.1845913337657007
6	0.13386805536747462
7	-0.09707545283321041
8	0.07040039188776276
9	-0.05105138641464815
10	0.03702313589006555
11	-0.026847611410061936
12	0.019470241126400514
13	-0.014118994187366429
14	0.010239281139589138
15	-0.007425092249698032
16	0.005384775747427873
17	-0.0039048101666316463
18	0.0028318210562223705
19	-0.0020535153523525834
20	0.0014892378002613537
21	-0.0010799307336646644
22	0.0007831814783312132
23	-0.0005679285379176138
24	0.00041187077736397
25	-0.00029866971484470393
26	0.00021660075072389706
27	-0.00015706814644345785
28	0.00011390943764082433
29	-826007470657291e-19
30	5990470325209583e-20
31	-4343879587590492e-20
32	3150394189374139e-20
33	-22843762695377162e-21
34	16568151635332554e-21
35	-12012955780191584e-21
36	871350408281589e-20
37	-6317091274481504e-21
38	4582780019149468e-21
39	-33216530975098066e-22
40	24104328542207815e-22
41	-17463364942729362e-22
42	12679619010714897e-22
43	-9178224984170494e-22
44	6670542960097309e-22
45	-481989158418461e-21
46	35087115394915735e-23
47	-2525517334255045e-22
48	1842124128731762e-22
49	-12936322789369736e-23

L= 50  beta= 2.0  steps= 1000  D= 200  prec= 1.0e-20
# m 	 <sz_1 sz_{1+m}>
1	-0.7716752974998996
2	0.7096840823336764
3	-0.6565487024637826
4	0.6080211809291781
5	-0.5627231745485477
6	0.5211724599129297
7	-0.4823208073794147
8	0.44672971512518217
9	-0.41340224665524955
10	0.3829192679017745
11	-0.35432676400388774
12	0.3282221087024626
13	-0.3036880719586196
14	0.2813361763082261
15	-0.2602807207924152
16	0.24114535511694554
17	-0.22307140223181468
18	0.206692906075442
19	-0.1911743516369391
20	0.17715869158670713
21	-0.1638302624525271
22	0.151839652206569
23	-0.140388210979517
24	0.13013307037301336
25	-0.1202901611921167
26	0.11152222276627702
27	-0.1030576807380178
28	0.09556407975449405
29	-0.08828055189726199
30	0.08187875911129483
31	-0.07560700638456899
32	0.07014048295195949
33	-0.06473535153546939
34	0.06006982261880892
35	-0.05540678853827419
36	0.051427046905942846
37	-0.04739925175054772
38	0.04400641527843206
39	-0.04052212244534876
40	0.03763128023549428
41	-0.03461169113862042
42	0.032149882129733284
43	-0.029527259431118648
44	0.027431726212887933
45	-0.025147682447247473
46	0.02336343521988529
47	-0.02135750423193232
48	0.01974112112461377
49	-0.016916829833305273

L= 50  beta= 4.0  steps= 1000  D= 200  prec= 1.0e-20
# m 	 <sz_1 sz_{1+m}>
1	-0.804552673280741
2	0.7852699416340704
3	-0.7754708962318709
4	0.7693316400769594
5	-0.7614657063723395
6	0.7556974940794882
7	-0.7479669017410658
8	0.7422960632124511
9	-0.7346564080457545
10	0.7290744857465553
11	-0.7215231298785443
12	0.7160283659641088
13	-0.7085637062866033
14	0.7031545338922872
15	-0.6957750119259335
16	0.6904498891018178
17	-0.6831539673881836
18	0.6779113725302123
19	-0.6706975337500887
20	0.6655359651279835
21	-0.65840271172664
22	0.6533206871199165
23	-0.6462665409457765
24	0.6412625972866522
25	-0.6342860992358615
26	0.6293587922571209
27	-0.6224585019221167
28	0.6176064058092358
29	-0.6107809011319116
30	0.6060026081797988
31	-0.5992504851090191
32	0.5945446053830133
33	-0.5878644775365665
34	0.5832296385370583
35	-0.5766201368626874
36	0.5720549831731637
37	-0.5655147554923512
38	0.5610179478983354
39	-0.554545655264804
40	0.5501158559855158
41	-0.5437100858463512
42	0.5393455821554523
43	-0.5330025912800899
44	0.5286915085824722
45	-0.5223464580320407
46	0.5178122085647209
47	-0.5098151690752802
48	0.49778335100348176
49	-0.4424227614713826

L= 50  beta= 8.0  steps= 1000  D= 200  prec= 1.0e-20
# m 	 <sz_1 sz_{1+m}>
1	-0.8177149647530786
2	0.8012450930021856
3	-0.7972875218932024
4	0.7964606806760743
5	-0.795946572863371
6	0.7957250940401476
7	-0.7953938980689415
8	0.7952055694078549
9	-0.7948852783709027
10	0.7946989058363866
11	-0.794379294080241
12	0.7941930620579837
13	-0.7938735168661112
14	0.7936873191700231
15	-0.7933678042394645
16	0.7931816346919364
17	-0.7928621478810336
18	0.7926760061098471
19	-0.7923565472774388
20	0.7921704332446101
21	-0.791851002365727
22	0.7916649160524113
23	-0.7913455131088086
24	0.7911594544972446
25	-0.7908400794710734
26	0.7906540485435739
27	-0.7903347014169981
28	0.7901486981558594
29	-0.7898293789109684
30	0.7896434032982507
31	-0.7893241119158371
32	0.7891381639299347
33	-0.7888189003710163
34	0.7886329799340623
35	-0.7883137438565754
36	0.7881278500283146
37	-0.7878086364594225
38	0.7876227551101906
39	-0.7873034886252549
40	0.7871174045393624
41	-0.7867969450042549
42	0.7866073889118662
43	-0.7862686473161016
44	0.7860260022873301
45	-0.7854142314501291
46	0.7843515666784071
47	-0.7795653701081396
48	0.7644505082936428
49	-0.6806842291372421

