# L= 50  D= [200]  t_max= 8.0  steps= 1000
t 	  beta= [0.3, 0.1, 0.01]
0.008	-20067368468418967e-30	-20699045590123748e-38	3442739446281054e-37
0.016	-20064928184174306e-30	-10038772329408836e-38	25858323613063765e-38
0.032	-20060022759324092e-30	-15139880497144483e-38	10924303742720683e-38
0.048	-20055079602663022e-30	-7365059260450454e-38	-23902138038635183e-38
0.064	-2005008969056e-26	-6579670075925715e-38	-41897519412234574e-38
0.08	-20045038764632062e-30	-2919079471816494e-39	-20709259777123745e-38
0.096	-20039906153166546e-30	-36126772821147944e-39	6539063135417049e-37
0.112	-20034663740757496e-30	-9219549839219958e-38	-4120323518709138e-37
0.128	-20029274181180362e-30	-3888262870171401e-38	-3483570191610496e-37
0.144	-2002368978567708e-29	-15616899802965674e-39	-22321288124675644e-38
0.16	-2001785087333119e-29	-20187023849268112e-38	3222061852020415e-38
0.176	-2001168452251359e-29	-19448662979347754e-38	-15492660609665542e-38
0.192	-20005102569155153e-30	-16822252096763413e-39	-15792966684256316e-38
0.208	-19998000707449756e-30	-13995122034154118e-38	9554443192210832e-38
0.224	-19990257384758778e-30	25825947889496625e-39	-2323069268528119e-37
0.24	-19981733096015218e-30	4199677046504947e-38	16447750050907255e-39
0.256	-1997227027586554e-29	5983682077995974e-38	11935525988149488e-38
0.272	-19961694002678172e-30	9937876669613261e-38	-3876630012338457e-38
0.288	-19949813206053872e-30	25541322924269512e-39	-9228436176080159e-38
0.304	-19936423131979615e-30	28165016296078466e-40	10707619863240242e-39
0.32	-1992130881849145e-29	-6486257435391812e-39	6460134464286638e-38
0.336	-1990424979106949e-29	-2747260170034781e-38	-32134636385059164e-39
0.352	-19885025541162927e-30	-12955900709972454e-40	-7364545801267369e-38
0.368	-19863422708668438e-30	3910907098576396e-38	-8941709041636852e-38
0.384	-1983924301316615e-29	16190867261272103e-40	-7607191624488312e-38
0.4	-1981231151776381e-29	-28170244488674157e-39	-556161609723212e-37
0.416	-1978248518751542e-29	-746475430030639e-37	-842280044103922e-37
0.432	-1974966152419223e-29	-33357661096796426e-39	-428350411278777e-38
0.448	-1971378630521374e-29	-10992844684111496e-39	-8964510287626579e-39
0.464	-19674859864716065e-30	-6291592770542671e-39	1339628266300653e-38
0.48	-19632941420300062e-30	-2797100424460928e-38	-26016354193575273e-39
0.496	-1958815157013465e-29	-2143897782721192e-38	-3967596414308333e-38
0.512	-1954067192398194e-29	35640472315832554e-40	-21993438933513458e-39
0.528	-19490742214251924e-30	21375412427854776e-39	-38871008845002456e-39
0.544	-1943865511651983e-29	-15139029761462853e-40	-19227751503949361e-39
0.56	-1938474846915267e-29	-16199654887431354e-39	22138470888075692e-39
0.576	-19329396600334035e-30	-8581017947492156e-38	14235017411695477e-39
0.592	-19272999495716724e-30	-7972862071619236e-38	1425946831029765e-37
0.608	-19215972245741628e-30	4785000447226337e-39	8798769404542732e-38
0.624	-1915873445711889e-29	-2545769616764104e-39	-3835094322595094e-38
0.64	-1910170014731579e-29	-837553413983356e-37	-1607633228613873e-37
0.656	-1904526859646108e-29	-2725712123962174e-38	4147746432350773e-39
0.672	-1898981726137134e-29	-6771206786454243e-38	6357780341304351e-39
0.688	-18935695323009916e-30	-1482957386788526e-38	4393363176885143e-38
0.704	-18883219528076587e-30	-10816124393266465e-38	5725192733682974e-38
0.72	-18832671353214748e-30	-2112350907728512e-38	-137777962559563e-38
0.736	-18784294967164255e-30	-14568880100444682e-39	-8511950386204519e-38
0.752	-18738297013964427e-30	5195048142418397e-38	-7353361054352736e-38
0.768	-18694846786751727e-30	6128000278134812e-38	-3766527710241077e-38
0.784	-18654077309477863e-30	19218713959814174e-39	17687944035264653e-41
0.8	-18616086838507066e-30	21536619936981364e-39	-32787278552532543e-40
0.816	-1858094051934833e-29	-763466502336274e-38	-5175653940511837e-38
0.832	-1854867257854596e-29	-23159975668559283e-39	-5892701169988697e-38
0.848	-1851928822515203e-29	-1096470106297836e-38	-47829689430214046e-39
0.864	-18492765932978052e-30	-17172536767837324e-39	-470076573874293e-37
0.88	-18469059564445617e-30	1808453862166882e-39	-24319320987919394e-39
0.896	-18448100614059932e-30	4128229731107087e-39	-18294789749102716e-39
0.912	-18429800222256077e-30	-56465812169618155e-40	-21618064871401222e-39
0.928	-18414051566909194e-30	-8603489039947865e-39	-8510910223733386e-39
0.944	-18400731732194035e-30	-11084152239462661e-39	-7673127352609105e-39
0.96	-18389703949356812e-30	-4941852334437667e-39	-9490250965008395e-39
0.976	-1838081972626606e-29	-9246923656566716e-40	-16470352894605463e-39
0.992	-18373920763173454e-30	1987336871251354e-39	-2534488212077206e-38
1.008	-18368840975522822e-30	3673512908504595e-39	-313922351725378e-37
1.024	-18365408551228786e-30	5210040062041645e-39	-36732849285193404e-39
1.04	-18363447607272614e-30	30100670438577292e-40	-15189062022531736e-39
1.056	-18362780257422278e-30	-17133427670863545e-40	-9481877579015312e-39
1.072	-18363228109227564e-30	25846505226358065e-40	-11104309654922214e-39
1.088	-18364613894244066e-30	-27578630748254005e-40	7398752398639529e-40
1.104	-1836676319015223e-29	-10626355559858898e-39	34282831532741295e-40
1.12	-1836950578499937e-29	-13524032418471792e-39	11008090989589402e-39
1.136	-183726769301832e-28	-11199576552917494e-39	7336005388294483e-39
1.152	-18376118572868664e-30	-370123413824044e-38	7084752144605146e-39
1.168	-18379680619629233e-30	527675852551174e-39	63940478493168565e-40
1.184	-18383221705104855e-30	-19784865317514228e-40	40392527225918454e-40
1.2	-18386610146946292e-30	-466428955069075e-39	24343705837516232e-40
1.216	-18389724683315516e-30	5462997836173798e-40	-6207733927997365e-40
1.232	-1839245499752376e-29	-4388901013262633e-41	-4703699785770928e-40
1.248	-18394702267186356e-30	-4968622697178296e-40	-8861760057565527e-40
1.264	-18396379412497644e-30	-4189364982696169e-40	9921535449600266e-41
1.28	-1839741136655151e-29	-10281247704279036e-40	12022597044454515e-41
1.296	-1839773508065225e-29	-7017884764552883e-40	12135511811326436e-41
1.312	-18397299509032602e-30	-12209815618658656e-41	-9043811490619617e-41
1.328	-18396065420786492e-30	-2467198139335718e-40	-2682972213214579e-40
1.344	-18394005110750577e-30	-39295334491518892e-41	7806641491628648e-41
1.36	-18391102011123562e-30	-7397077024231755e-41	5639548950006508e-41
1.376	-1838735019786908e-29	9124045759193057e-41	-9347974593178811e-42
1.392	-18382753802578145e-30	5958759990105156e-41	20223590043654249e-41
1.408	-1837732636237036e-29	2293244875898518e-40	-11323024936296706e-41
1.424	-1837109008538404e-29	2781543071184366e-40	-41001242223407264e-41
1.44	-1836407507442784e-29	25825897326701972e-41	-6176647346216543e-40
1.456	-1835631849508371e-29	22568227100511717e-41	-4203045173477868e-40
1.472	-18347863719726964e-30	4215551075557941e-41	-35192384276675784e-41
1.488	-18338759444537888e-30	-9122535175194621e-41	-3000669211339231e-40
1.504	-18329058799342464e-30	-1622112466309754e-40	-17417145353787886e-41
1.52	-18318818459615922e-30	-212494977957972e-39	-10095307563524802e-41
1.536	-1830809777163741e-29	-10077586807228554e-41	-21542175361492227e-42
1.552	-1829695789709911e-29	-11720531256888352e-41	25159951704519563e-42
1.568	-1828546099431071e-29	-1386575292400879e-40	451122749837978e-40
1.584	-18273669437293866e-30	-953509332527762e-40	-2584645490958773e-41
1.6	-1826164508283026e-29	-8202573756201511e-41	-2629380582314381e-41
1.616	-1824944859566123e-29	-7984630952244778e-41	-17175861373033923e-42
1.632	-18237138830052436e-30	-7988941228181576e-41	-4131403630416348e-42
1.648	-18224772279950696e-30	-7763412196316434e-41	-11645211126160261e-43
1.664	-18212402596478173e-30	-7648592420721518e-41	37819423504542804e-45
1.68	-18200080175965105e-30	-758063629203517e-40	5439684952526974e-44
1.696	-18187851821681174e-30	-75826790241391e-39	42196272514023426e-45
1.712	-181757604777048e-28	-7587750930458548e-41	18892040072618735e-45
1.728	-18163845034453387e-30	-7591115818009954e-41	15304769805840425e-45
1.744	-1815214020535149e-29	-7590017015974778e-41	10364949563212566e-45
1.76	-18140676470835595e-30	-7590004532610018e-41	7544865842337762e-45
1.776	-1812948008716852e-29	-7587514670722518e-41	5368909798942216e-45
1.792	-1811857315552422e-29	-7585291542676845e-41	30688628402870603e-46
1.808	-18107973746890135e-30	-7581353953434146e-41	14406969218754375e-46
1.824	-18097696077341376e-30	-7579998320616732e-41	-15076601301989502e-47
1.84	-18087750728068706e-30	-7578004677967967e-41	3100705101203758e-46
1.856	-18078144903768108e-30	-7577804700282792e-41	15871949411651584e-46
1.872	-1806888272335334e-29	-7576770880405641e-41	55304447619499874e-46
1.888	-1805996553619869e-29	-7574276403524072e-41	8482125195551002e-45
1.904	-1805139225697297e-29	-7572096695687294e-41	63028857475278296e-46
1.92	-18043159713274816e-30	-757058589399878e-40	2779540846933986e-45
1.936	-18035262998251454e-30	-7568630528919684e-41	12515990245896613e-46
1.952	-18027695822917007e-30	-7567718331138524e-41	-19852354364142117e-46
1.968	-18020450861739457e-30	-7566248033587863e-41	-244000336916026e-44
1.984	-18013520085611793e-30	-7565046530276767e-41	-16200362751715008e-46
2	-18006895077375142e-30	-7564184334683916e-41	-27827791733387035e-46
2.016	-18000567324795057e-30	-7563510134327361e-41	-33163331895409524e-46
2.032	-1799452848703211e-29	-7560889822472122e-41	-4391442439790678e-45
2.048	-17988770630030052e-30	-7559707129379461e-41	-1460771247036121e-45
2.064	-17983286428735695e-30	-7557433459805611e-41	21059605431517463e-46
2.08	-17978069333823273e-30	-755522542360184e-40	2248989321650937e-45
2.096	-17973113700790144e-30	-7554095728112499e-41	6530985240813196e-46
2.112	-17968414880624238e-30	-7552822740219137e-41	3470460332076356e-45
2.128	-17963969271702873e-30	-7550977444824316e-41	4844360559448899e-45
2.144	-1795977433332255e-29	-7548847960011603e-41	451102530911305e-44
2.16	-1795582856186143e-29	-7547529656710482e-41	56938724691139984e-46
2.176	-17952131431228015e-30	-7545653152574233e-41	8431607604981368e-45
2.192	-1794868329951901e-29	-7544458298958559e-41	7842356117995174e-45
2.208	-1794548528516067e-29	-7543118057741346e-41	10478475615171442e-45
2.224	-1794253911504391e-29	-7541592579011352e-41	1496385951743308e-44
2.24	-17939846948827953e-30	-7540589316874526e-41	1799630299837053e-44
2.256	-1793741118284997e-29	-7539224634381308e-41	2595067491220704e-44
2.272	-17935234238233305e-30	-753924303741313e-40	2592020882015943e-44
2.288	-179333183372642e-28	-7539721612954026e-41	320798690738676e-43
2.304	-179316652728899e-28	-7538542343038998e-41	4111110718980542e-44
2.32	-17930276174198988e-30	-7538017309016917e-41	4857030098673251e-44
2.336	-17929151268086614e-30	-7537882761569151e-41	48639810235016887e-45
2.352	-1792828960737612e-29	-7538033709408651e-41	47164828163920926e-45
2.368	-17927688532978537e-30	-7538017840136741e-41	5058659654009228e-44
2.384	-17927341719554755e-30	-7537243590871397e-41	5650290970711995e-44
2.4	-17927236165651972e-30	-7534071941729303e-41	5346746859790011e-44
2.416	-17927357833187954e-30	-7527481453811198e-41	5718355120522693e-44
2.432	-17927696221147115e-30	-7511195148526626e-41	5491572671321016e-44
2.448	-17928245263838896e-30	-7487537986061638e-41	661904671783752e-43
2.464	-1792899797939553e-29	-7464187734129808e-41	7600008626881628e-44
2.48	-1792994225691752e-29	-7452532334587585e-41	7475047427404837e-44
2.496	-1793107074752828e-29	-7462682731832562e-41	8308569819627665e-44
2.512	-17932378984598185e-30	-7492871611074244e-41	8274450670262274e-44
2.528	-17933849833859513e-30	-7535018462934135e-41	8735575496482223e-44
2.544	-17935460759328812e-30	-7588227884442995e-41	8583365875040225e-44
2.56	-17937207168016337e-30	-7652861778042271e-41	8585649871610652e-44
2.576	-1793908514521396e-29	-7731329892356266e-41	9483320337251192e-44
2.592	-1794106804606107e-29	-7822003040983019e-41	9720140738158739e-44
2.608	-1794312000842178e-29	-792624981362831e-40	10075305038486549e-44
2.624	-17945212663579834e-30	-8037665046289028e-41	10553865348906964e-44
2.64	-1794733210299778e-29	-813391993991039e-40	10233506294019317e-44
2.656	-1794951227759478e-29	-8247296190264377e-41	11385092969644462e-44
2.672	-17951813767315675e-30	-8549402253442726e-41	1233472081467336e-43
2.688	-1795421727236488e-29	-8882658331293544e-41	13291907128658107e-44
2.704	-17956539047069546e-30	-8860967812535765e-41	15156358488883134e-44
2.72	-17958570520980452e-30	-8342234363134645e-41	14922812543467858e-44
2.736	-1796006551430077e-29	-7725051676924379e-41	14973298932641398e-44
2.752	-17960650433543224e-30	-7457720748682581e-41	14417603379741855e-44
2.768	-17960123796955164e-30	-7392216494208235e-41	15221057773896312e-44
2.784	-1795863898635897e-29	-7369970714541437e-41	15855078954719786e-44
2.8	-17956557556585303e-30	-7357148061660964e-41	1709665803245475e-43
2.816	-17954289387641042e-30	-7348279077242517e-41	17360323352342769e-44
2.832	-1795204654274137e-29	-73411775627635e-39	16848121436383226e-44
2.848	-17949611836004633e-30	-7335892549035875e-41	16898360654968634e-44
2.864	-17946809687265704e-30	-7331200843398653e-41	16756995185572511e-44
2.88	-1794356179379894e-29	-7327361892393255e-41	16769598870574702e-44
2.896	-17939834365340357e-30	-7323979347976816e-41	16652746812944724e-44
2.912	-17935614035054402e-30	-7320706755376827e-41	15830785053474598e-44
2.928	-1793089654888615e-29	-7317812115625282e-41	15527642403900084e-44
2.944	-1792568308946782e-29	-7314913306909125e-41	14791724694076639e-44
2.96	-17919978750038395e-30	-7312451132375983e-41	1482778547547778e-43
2.976	-17913791490533185e-30	-7311638367632737e-41	14757933205322577e-44
2.992	-17907131523224537e-30	-7311273447268951e-41	14633255372610273e-44
3.008	-1790001085357185e-29	-7311301722809662e-41	15774238025786114e-44
3.024	-17892443320788093e-30	-7312599112521901e-41	17044908866686704e-44
3.04	-17884445795978336e-30	-7314571464148819e-41	20207668566843052e-44
3.056	-17876037834705934e-30	-7316552877372858e-41	2304418885660771e-43
3.072	-1786723886561855e-29	-732079442943316e-40	27292283126561383e-44
3.088	-17858068013787537e-30	-7326008229959602e-41	3426773188535866e-43
3.104	-17848548900047783e-30	-7334592830181684e-41	4674487505480284e-43
3.12	-17838710955291616e-30	-7345401578642242e-41	6340221916820328e-43
3.136	-17828585762596628e-30	-7360720169006194e-41	8963905727037683e-43
3.152	-17818204886702407e-30	-7382679362499485e-41	12797455321859279e-43
3.168	-1780759973167177e-29	-7411748742835523e-41	1867183082893357e-42
3.184	-17796801640421468e-30	-7452337309561671e-41	2785012975571794e-42
3.2	-17785841828872836e-30	-7506072885280117e-41	4108043087119163e-42
3.216	-17774751215554162e-30	-7579590852240685e-41	6019081709521876e-42
3.232	-17763560209252254e-30	-7671232030074658e-41	8911094755169023e-42
3.248	-1775229848386705e-29	-7790306751268648e-41	13081403086834252e-42
3.264	-17740994755521352e-30	-7943324277678199e-41	19145062329236875e-42
3.28	-17729676569513756e-30	-8128106059594003e-41	27814367590463905e-42
3.296	-17718370099957603e-30	-8365312663788166e-41	3998959277652603e-41
3.312	-17707099967376575e-30	-8646036410433823e-41	569569865513238e-40
3.328	-1769588907416541e-29	-8997362730851834e-41	8061949499205353e-41
3.344	-17684758461319895e-30	-9406494499282924e-41	11232980221540943e-41
3.36	-1767372718888503e-29	-9877746611699769e-41	15552211786561846e-41
3.376	-17662812241572783e-30	-10435720030340556e-41	21320416800926693e-41
3.392	-17652028464973342e-30	-11062180707500805e-41	2891307622653381e-40
3.408	-17641388537753072e-30	-1175301527009516e-40	38837475659869114e-41
3.424	-17630902988153358e-30	-1248933198018883e-40	5168412545785911e-40
3.44	-1762058027133608e-29	-13243479683402502e-41	6822904254031573e-40
3.456	-1761042693061969e-29	-14004631164614468e-41	8907925276132446e-40
3.472	-17600447883588812e-30	-14725140415055635e-41	11537110348834663e-40
3.488	-1759064690737266e-29	-15291916551390786e-41	14819236748399675e-40
3.504	-1758102745843761e-29	-15626216733109114e-41	1886092362610104e-39
3.52	-17571594095602234e-30	-15620231645589364e-41	23824590994220603e-40
3.536	-17562355068167836e-30	-15022389111467706e-41	2985159245949783e-39
3.552	-1755332730418622e-29	-13647271898943204e-41	3713351366913119e-39
3.568	-17544546579307395e-30	-1122280363067928e-40	4582146611560449e-39
3.584	-175360890191506e-28	-7409248310097632e-41	5617480322202019e-39
3.6	-1752811613457048e-29	-18561351076636366e-42	6836122651907928e-39
3.616	-17520960614697543e-30	5788492733782683e-41	8270939598310803e-39
3.632	-175152524597593e-28	1581509657170904e-40	9947370977852528e-39
3.648	-17512000514798645e-30	2828131769432227e-40	11901334140905603e-39
3.664	-17512403713617628e-30	4271724929843339e-40	14176903816748482e-39
3.68	-17517191432754917e-30	57825637707056165e-41	1682472279408249e-38
3.696	-175257880095054e-28	7054966167982083e-40	19926741055932016e-39
3.712	-17536124859588524e-30	7500796992318403e-40	23583090531850577e-39
3.728	-17545445687686236e-30	6046114893764038e-40	2793771448240241e-38
3.744	-17551445272182644e-30	8494675356065876e-41	331981443427119e-37
3.76	-17552933682031945e-30	-10964274756972389e-40	39661679580610756e-39
3.776	-17549846427584113e-30	-3344597844256888e-39	4773440676528378e-38
3.792	-1754288696104653e-29	-7153635176666516e-39	579897019655696e-37
3.808	-1753310277902004e-29	-12984310420030433e-39	7119468165964749e-38
3.824	-17521554430208288e-30	-20961589708269484e-39	8838279436596872e-38
3.84	-17509131271089994e-30	-3026278070736282e-38	11091193123531925e-38
3.856	-1749650151049643e-29	-3802042288779048e-38	14063678915882896e-38
3.872	-1748414899951491e-29	-37517001470379785e-39	18020099297810574e-38
3.888	-1747244913993606e-29	-15391911560795612e-39	2337489721055469e-37
3.904	-17461753001232297e-30	52376034746170805e-39	30860724041173216e-38
3.92	-17452452314437626e-30	20603676867230323e-38	41892938060012228e-38
3.936	-1744495393738049e-29	5109889414313721e-37	5932143306656828e-37
3.952	-1743935811729361e-29	10747375500520475e-37	8886951027245519e-37
3.968	-17434444658760273e-30	20793445341183203e-37	14159975597876287e-37
3.984	-17425753964075848e-30	3834920338854736e-36	23815501574103583e-37
4	-17403985393931494e-30	685505857607464e-35	4177820996454457e-36
4.016	-17356916325632064e-30	11953848183343372e-36	7603057935926588e-36
4.032	-17276287615644358e-30	2036227444634542e-35	14341933230947566e-36
4.048	-17164823979682088e-30	3385881569163802e-35	278624997287479e-34
4.064	-17036630588921263e-30	549054579003033e-34	5488628370760091e-35
4.08	-1691060401302515e-29	8679712632296515e-35	10753076582854934e-35
4.096	-16802232840052703e-30	13388562769255958e-35	20608778883070902e-35
4.112	-16718419661903033e-30	20198304174397737e-35	3821837357973738e-34
4.128	-16656449911401177e-30	29890055107070194e-35	6817400902654721e-34
4.144	-16606071544160763e-30	434719994499007e-33	11666173669722828e-34
4.16	-1655327331764941e-29	6212415539663752e-34	19128060092333493e-34
4.176	-16484651564626573e-30	8703864248683853e-34	3001437093456885e-33
4.192	-16391366327647707e-30	11917689127179169e-34	4498712972492341e-33
4.208	-16271502616072303e-30	15896867478681907e-34	64245953895855684e-34
4.224	-16129876228064358e-30	20597523886280698e-34	8705149342914333e-33
4.24	-1597551819917996e-29	25858318262503865e-34	1107378450833556e-32
4.256	-15818445524843333e-30	31380243730794465e-34	12876244309027162e-33
4.272	-15667492467397566e-30	3671471009688403e-33	12786386235035592e-33
4.288	-15529880564268858e-30	412541018208045e-32	848872843065949e-32
4.304	-1541209953779805e-29	4422908967809459e-33	-36472855447548925e-34
4.32	-15321367983767323e-30	4473052434898455e-33	-28932181111686446e-33
4.336	-15267182140916587e-30	4177662512028931e-33	-7477330555319837e-32
4.352	-15262702081356704e-30	34432069354334617e-34	-15114031247224617e-32
4.368	-1532572521937932e-29	2197073442669782e-33	-27109397587833066e-32
4.384	-15478786466545916e-30	4072719848638925e-34	-4513172377422853e-31
4.4	-1574767236969412e-29	-1894982882815716e-33	-7125127547232827e-31
4.416	-16157644033637943e-30	-4590332998449559e-33	-1079582663713973e-30
4.432	-16727292418533795e-30	-7444869584891557e-33	-15815658341572401e-31
4.448	-1746129687532974e-29	-1008362145392077e-32	-2251301081188084e-30
4.464	-18344809289189885e-30	-11965712640309947e-33	-31247597263442414e-31
4.48	-19342501993916472e-30	-12363290888739236e-33	-4239983763101381e-30
4.496	-20403670808024393e-30	-10346521790591e-30	-5635573760889457e-30
4.512	-21471913990667304e-30	-4777029288634726e-33	-7348683926452095e-30
4.528	-22495798150490207e-30	5687957660154015e-33	-9412500561820974e-30
4.544	-23436935308384495e-30	22578830628209163e-33	-11853201189190446e-30
4.56	-24273547498235254e-30	4758268965642028e-32	-14686415809592325e-30
4.576	-24999452654446743e-30	8249762907131857e-32	-1791323965716383e-29
4.592	-25619566037062738e-30	1291724355109658e-31	-21515874537348485e-30
4.608	-26143330087701472e-30	1894329866113772e-31	-25453003271866327e-30
4.624	-2657712128050933e-29	26499793327102056e-32	-2965502856356383e-29
4.64	-26916118038374226e-30	3573874082206789e-31	-340193287572752e-28
4.656	-27136344755545322e-30	4678296990852177e-31	-3840570000559985e-29
4.672	-27189566839418955e-30	5971715457814767e-31	-4263216394395744e-29
4.688	-27006694016733108e-30	7457982428184231e-31	-4647132205337116e-29
4.704	-26515813077749806e-30	913568832694694e-30	-49647432935635005e-30
4.72	-25675002199952657e-30	1099769923319177e-30	-5183437480539068e-29
4.736	-24509682146730023e-30	13030874075766855e-31	-52654640781374084e-30
4.752	-23138774050569767e-30	15215898337174029e-31	-51679498274107805e-30
4.768	-21779738912903896e-30	17527108087580995e-31	-4843043452511333e-29
4.784	-20733801157880925e-30	19932193631954686e-31	-42382021279111295e-30
4.8	-20358270169823193e-30	22391940718188388e-31	-3296637091493766e-29
4.816	-21030021968127567e-30	24861024399797818e-31	-19579447873838597e-30
4.832	-23098815274580863e-30	2729271918297788e-30	-1589662123561047e-30
4.848	-26826390348740365e-30	29653410753432357e-31	21650565347839713e-30
4.864	-3230743839429809e-29	3195678960353805e-30	50789199386134655e-30
4.88	-39370854187126766e-30	3433285930473838e-30	8645340752723469e-29
4.896	-47465214600567717e-30	3715611361527486e-30	1292207981598016e-28
4.912	-55539483006366386e-30	41275564340327794e-31	17958092041474327e-29
4.928	-6193031009001804e-29	48419674750119975e-31	2378853487838682e-28
4.944	-642527095500536e-28	61887559771019096e-31	30428593624606547e-29
4.96	-5926569897316547e-29	8767480122030979e-30	37866246810287393e-29
4.976	-426677700287303e-28	13620960492019929e-30	4605421891963131e-28
4.992	-8786520259729626e-30	2248867293589793e-29	5490135038965217e-28
5.008	49838790382352414e-30	38157617741911493e-30	6426335976220018e-28
5.024	14294401252439437e-29	6492429086595032e-29	7393251853538915e-28
5.04	2830391346455486e-28	1091737620596715e-28	8362552063257433e-28
5.056	4858747760580999e-28	1800712921574727e-28	9296946313524887e-28
5.072	7708679797547389e-28	2903506794963599e-28	1014875664832273e-27
5.088	11615182277666732e-28	4571744966779431e-28	10858822708916295e-28
5.104	16858640397078213e-28	7030361904897425e-28	11356184821190983e-28
5.12	23770221080176108e-28	10566720361184128e-28	11558895589088077e-28
5.136	32738231716448687e-28	15539503168619094e-28	11376101527128605e-28
5.152	4421527182895462e-27	22387043775750987e-28	10711337261237398e-28
5.168	58725764406261736e-28	31634750089014474e-28	9466858265892015e-28
5.184	7687333161567723e-27	4390126220049905e-27	754878935736914e-27
5.2	9934746294747514e-27	5990297467521383e-27	487283795102378e-27
5.216	12692898140597155e-27	8045655150959156e-27	13702857051475495e-29
5.232	16049391203497778e-27	1064790715484177e-26	-30060697610114233e-29
5.248	2010154652326432e-26	13898546536690995e-27	-8276387271369217e-28
5.264	24956393513281987e-27	1790829441600828e-26	-14429052978628907e-28
5.28	30730436321035684e-27	22796217634630552e-27	-214171339730271e-26
5.296	3754918256129713e-26	28688503931732948e-27	-2915637837865417e-27
5.312	4554641864677454e-26	35716886024471123e-27	-3752508553475442e-27
5.328	5486321385567394e-26	4401671604790133e-26	-463661115467032e-26
5.344	6564663492152928e-26	5372470298216421e-26	-55491199294873244e-28
5.36	7804815481383061e-26	6497633770972121e-26	-6468772830830961e-27
5.376	9222174320548103e-26	7790304298536626e-26	-7372786743277552e-27
5.392	1083216301489303e-25	9262909809212343e-26	-8237998142040976e-27
5.408	12649973832501458e-26	10926840020191937e-26	-904219899394832e-26
5.424	14690278147554513e-26	12792113532101398e-26	-976562051586129e-26
5.44	1696690280617733e-25	14867044087162747e-26	-10392498489428493e-27
5.456	19492472939448576e-26	17157914834593806e-26	-10912633996856067e-27
5.472	22278021029111002e-26	19668669716022302e-26	-11322843992433645e-27
5.488	2533256173892112e-25	22400630917025762e-26	-11628178995333577e-27
5.504	28662631606699965e-26	25352250606939756e-26	-11842772922135262e-27
5.52	3227179241508212e-25	28518903883076055e-26	-11990185622730454e-27
5.536	3616009751130669e-25	31892727905540424e-26	-12103105203730581e-27
5.552	40323522314284627e-26	3546250972589128e-25	-12222297460695493e-27
5.568	44753364718275366e-26	39213622385071173e-26	-1239472565939637e-26
5.584	4943562880598068e-25	43128005808411036e-26	-1267081595011396e-26
5.6	5435041665754146e-25	4718418617210595e-25	-13100910385321996e-27
5.616	5947136754480856e-25	5135732536059388e-25	-13731027011459254e-27
5.632	6476520015567369e-25	5561929143211231e-25	-14598128688588564e-27
5.648	7019142916466168e-25	5993874233471269e-25	-15725180950552e-24
5.664	7570233927403118e-25	6428121904163253e-25	-1711634474996474e-26
5.68	8124330399476578e-25	6860925113625325e-25	-18752692571635815e-27
5.696	8675352967918875e-25	728824877126446e-24	-2058884707819893e-26
5.712	9216728553646908e-25	7705787876051501e-25	-22550913606973607e-27
5.728	9741564756659193e-25	8108994593344412e-25	-24536008293788487e-27
5.744	10242874130930004e-25	8493119508370158e-25	-26413573525754838e-27
5.76	10713842068613269e-25	885327339092155e-24	-28028527995520357e-27
5.776	1114812755850177e-24	9184516389107983e-25	-2920613055107959e-26
5.792	11540182778371488e-25	9481981350110509e-25	-2975826017918964e-26
5.808	11885576012604613e-25	9741036661546565e-25	-294906464349719e-25
5.824	12181303121346324e-25	995749137868209e-24	-282104441962913e-25
5.84	12426075487060124e-25	10127841276080274e-25	-2573345180080136e-26
5.856	12620576237372446e-25	10249548776517758e-25	-2189023756143842e-26
5.872	12767680221955936e-25	10321342550958389e-25	-16530476727935357e-27
5.888	12872635129468285e-25	10343514235565455e-25	-9524912756292657e-27
5.904	12943199853500643e-25	10318180706653985e-25	-7645387474987315e-28
5.92	1298973102003333e-24	10249471532215914e-25	984316662878458e-26
5.936	13025199815703284e-25	10143593754958878e-25	22380842443339708e-27
5.952	13065110600869495e-25	10008721595352442e-25	3693030786121121e-26
5.968	13127283135137048e-25	9854658809930098e-25	53583465140878695e-27
5.984	13231455248875673e-25	9692228294087887e-25	7245426288718841e-26
6	13398666134195868e-25	9532358953150664e-25	9369089141271677e-26
6.016	13650394785306264e-25	9384865300554478e-25	1174874781707694e-25
6.032	14007454363082101e-25	925695115689367e-24	1440948055074243e-25
6.048	1448867975023744e-24	91515142769815e-23	17382997854294526e-26
6.064	15109488075306385e-25	9065380864197624e-25	20708549461977622e-26
6.08	15880434054030948e-25	8987652717262016e-25	2443387467108966e-25
6.096	16805916003855784e-25	88983979308696e-23	2861635451442058e-25
6.112	17883206822806737e-25	8767949586089223e-25	33324566000776755e-26
6.128	19101981236939717e-25	8557085696041977e-25	3864045597424612e-25
6.144	20444483287762087e-25	8218338228991613e-25	4466233470845257e-25
6.16	21886427172539057e-25	7698611885907103e-25	5150882980202678e-25
6.176	2339865492793714e-24	6943181172315402e-25	5932383637317379e-25
6.192	24949494189954593e-25	5900979873985651e-25	6828235326418976e-25
6.208	26507678753771614e-25	45309103808376633e-26	7859691721657839e-25
6.224	28045624928352627e-25	2808699329288875e-25	9052415506025661e-25
6.24	2954280773669747e-24	7336357869728053e-26	10437079114916026e-25
6.256	3098896023652508e-24	-16656213035768313e-26	12049830061302062e-25
6.272	32386830254310715e-25	-4327057106559394e-25	1393253162632381e-24
6.288	33754270831844593e-25	-7154004268942357e-25	16132690273235851e-25
6.304	351255085009277e-23	-1001726148301144e-24	18702992316285082e-25
6.32	365515181599931e-23	-12761085767774476e-25	21700394811020435e-25
6.336	3809952323973801e-24	-15213136637388158e-25	25184748654501008e-25
6.352	3985172234613123e-24	-1719798812257009e-24	29216973348634215e-25
6.368	4190340668357762e-24	-18553329994835682e-25	33856849254898495e-25
6.384	44360666793580575e-25	-19147515592977896e-25	3916053979888008e-24
6.4	47337887097584044e-25	-18896749563776e-22	4517799765781331e-24
6.416	5095519230635249e-24	-17780009941153194e-25	5195044010609273e-24
6.432	5533594672470662e-24	-158498158221947e-23	5950809465095089e-24
6.448	6060432725124974e-24	-13237209911526656e-25	6786841337418284e-24
6.464	6688290930746048e-24	-10149817290618812e-25	7703493134323824e-24
6.48	7429014018436505e-24	-6862525219173466e-25	869969015995418e-23
6.496	8293754389258538e-24	-3701128046739734e-25	9772977939870106e-24
6.512	9292651894673513e-24	-10200967587172538e-26	10919655658787105e-24
6.528	104344661561841e-22	8236454565266046e-26	12134986999229938e-24
6.544	11726166728190364e-24	14985347108965074e-26	13413473333959042e-24
6.56	13172501845628924e-24	7251074064159503e-26	14749167876627007e-24
6.576	14775582686321135e-24	-17009225141391135e-26	16136004892532723e-24
6.592	16534533609931417e-24	-5891469728546423e-25	17568116026328325e-24
6.608	1844526604970155e-23	-1185635543081846e-24	19040106584335705e-24
6.624	2050043140233123e-23	-1950184410631878e-24	20547268276870842e-24
6.64	2268959432162835e-23	-2863736425827363e-24	22085711182764554e-24
6.656	2499964203075076e-23	-3898952610286081e-24	23652405887437705e-24
6.672	2741540962758789e-23	-50221882067118e-22	25245135901408633e-24
6.688	2992046017722557e-23	-61958419127232486e-25	26862369428835504e-24
6.704	324979179208673e-22	-7380855575744534e-24	2850306714265371e-23
6.72	3513122058985574e-23	-8539143684173845e-24	3016644783367767e-23
6.736	3780464003404248e-23	-9635754718834827e-24	3185173601331712e-23
6.752	4050342531563153e-23	-1064060517069731e-23	3355791465479236e-23
6.768	43213452695511375e-24	-11529676418654626e-24	35283502683937865e-24
6.784	4592032257150355e-23	-12285619259272113e-24	37026371447809695e-24
6.8	4860792021642568e-23	-12897765491375478e-24	3878360829769147e-23
6.816	5125654663617003e-23	-1336159573364686e-23	4055142968918242e-23
6.832	53840815879813654e-24	-13677753226266441e-24	42325141630208036e-24
6.848	56327591247995145e-24	-13850721179978712e-24	44099142298679324e-24
6.864	5867428044006948e-23	-138872940540536e-22	4586696018232739e-23
6.88	6082781656890485e-23	-13794970594378668e-24	4762132083562544e-23
6.896	6272461117077553e-23	-13580380299339414e-24	49354235823897955e-24
6.912	6429167723438873e-23	-1324782888831072e-23	5105710817615409e-23
6.928	654489935916931e-22	-12798017235230577e-24	527208493758053e-22
6.944	6611303298926114e-23	-12226957209798547e-24	5433600342580384e-23
6.96	662012260088571e-22	-11525081242097227e-24	5589287382014861e-23
6.976	6563700406497011e-23	-10676522964231311e-24	5738164939229509e-23
6.992	6435497634236586e-23	-9658534991011207e-24	5879252506357968e-23
7.008	6230576064711704e-23	-8441006230879367e-24	601158135167549e-22
7.024	594600111935812e-22	-6986043478086789e-24	6134204378293507e-23
7.04	55811263085578085e-24	-5247588386784558e-24	6246204264747138e-23
7.056	5137733201770136e-23	-31710492851398433e-25	6346699467156958e-23
7.072	4620015188255835e-23	-6929360562405169e-25	6434847654403994e-23
7.088	40344083750243416e-24	22595056002223387e-25	6509846151648011e-23
7.104	33892869010460816e-24	5768657393387386e-24	6570928994648764e-23
7.12	26945512227904103e-24	992688067315269e-23	6617360257656162e-23
7.136	19611454961492826e-24	1483684523139487e-23	6648423415792425e-23
7.152	12005435317921547e-24	20611819433694952e-24	6663406637512561e-23
7.168	424241968366709e-23	27375904495220164e-24	6661584063865806e-23
7.184	-35670519182378463e-25	3526419429971654e-23	6642193304346648e-23
7.2	-11320838185608592e-24	44422841014479227e-24	6604409545619308e-23
7.216	-18928307359742706e-24	55009005685385184e-24	6547316812148775e-23
7.232	-2631250151176531e-23	6719067193301218e-23	6469877023390761e-23
7.248	-334113574940705e-22	8114629987550074e-23	6370897553189128e-23
7.264	-40178061223435897e-24	9706429667570499e-23	6248998012789989e-23
7.28	-4658066508138521e-23	11514227995048405e-23	6102576953339561e-23
7.296	-52601128742207945e-24	13558611104293114e-23	59297791249530495e-24
7.312	-58233952630328404e-24	1586086771749819e-22	5728463846121659e-23
7.328	-6348456392502472e-23	18442840500620298e-23	5496174938703105e-23
7.344	-6836759266966186e-23	21326749320038675e-23	523011257922581e-22
7.36	-7290514577417567e-23	2453498581423021e-22	4927107317922233e-23
7.376	-7712515489345403e-23	2808987946803738e-22	45835964361809676e-24
7.392	-8105984468371289e-23	3201343622760768e-22	41956027676876185e-24
7.408	-8474434375891194e-23	3632705157508762e-22	3758716116065086e-23
7.424	-8821544327317184e-23	4105120084694852e-22	3268077477226558e-23
7.44	-9151049759254678e-23	4620511038808961e-22	27183664235925e-21
7.456	-9466645709831215e-23	5180641385959164e-22	21037922226517274e-24
7.472	-9771902326157129e-23	5787079864530943e-22	14180895181839371e-24
7.488	-10070191895107757e-23	6441164782969182e-22	65451965779698094e-25
7.504	-10364627075632492e-23	7143968364853539e-22	-19412104434531396e-25
7.52	-10658010348670069e-23	789626186506804e-21	-11354847157953724e-24
7.536	-10952794893145525e-23	8698482105206255e-22	-2177645637150754e-23
7.552	-11251057087193633e-23	955070009054882e-21	-33290630526503125e-24
7.568	-11554480611424003e-23	10452592373426335e-22	-4598532150052602e-23
7.584	-11864351720759423e-23	11403415816120386e-22	-5995122611175156e-23
7.6	-12181564707778378e-23	12401986378039097e-22	-7528104459869016e-23
7.616	-12506635980081345e-23	1344666250381257e-21	-9206861204872288e-23
7.632	-12839724606841766e-23	1453533361901578e-21	-11040790476356954e-23
7.648	-1318065675222813e-22	1566541414694911e-21	-1303919251745219e-22
7.664	-13528951198567127e-23	16833843344491595e-22	-15211147079172984e-23
7.68	-13883843249071678e-23	180370911209713e-20	-17565379552253168e-23
7.696	-14244304737897118e-23	19271169859393915e-22	-20110117597605046e-23
7.712	-1460905866895366e-22	20531652114437256e-22	-22852940103425205e-23
7.728	-1497658810077371e-22	21813693929288643e-22	-2580062093406035e-22
7.744	-15345140175824398e-23	2311206340458674e-21	-2895897053444942e-22
7.76	-15712727481226313e-23	2442117407533963e-21	-3233267889195719e-22
7.776	-16077130008698074e-23	25735122607662307e-22	-35925163538916637e-23
7.792	-16435901631017216e-23	27047730312598935e-22	-39738426159798184e-23
7.808	-16786385045599798e-23	283525879809827e-20	-43772920964550235e-23
7.824	-17125738449214846e-23	2964310356091413e-21	-4802743737615946e-22
7.84	-17450975816530718e-23	30912552219443054e-22	-524989988604238e-21
7.856	-17759020711042319e-23	32154128346930232e-22	-5718277901253644e-22
7.872	-18046771338938546e-23	3336099907601218e-21	-6207203540411178e-22
7.888	-1831117243321237e-22	3452635889936492e-21	-6715806125103887e-22
7.904	-18549287922904418e-23	3564348498558606e-21	-7243015471028288e-22
7.92	-18758367546610217e-23	3670579281254627e-21	-7787560553714874e-22
7.936	-189359008337429e-21	3770689176117956e-21	-8347969888667775e-22
7.952	-1907965324148149e-22	3864064033462558e-21	-892257361579652e-21
7.968	-1918768153650208e-22	39501200680079825e-22	-9509507288879646e-22
7.984	-19258328394610758e-23	4028309208546336e-21	-10106717375225344e-22
8	-19290199174955524e-23	40981243094655325e-22	-10711968464942278e-22
